1000
201436 0
254286 1
283825 2
392224 3
557312 4
647346 5
692719 6
725107 7
732079 8
809631 9
946462 10
952930 11
1474593 12
1492214 13
1520769 14
2070746 15
2164262 16
2227861 17
2431096 18
2435719 19
2442635 20
2471313 21
2652137 22
2653403 23
2736409 24
2774968 25
2780868 26
2803423 27
2853985 28
2901517 29
2917262 30
3004060 31
3143845 32
3351727 33
3467330 34
3482356 35
3504664 36
3653092 37
3674497 38
3756175 39
3874686 40
4000556 41
4136027 42
4183152 43
4241326 44
4268401 45
4349033 46
4402017 47
4437014 48
4489638 49
4590313 50
4750402 51
4815429 52
5063445 53
5104830 54
5182612 55
5282148 56
5340206 57
5380780 58
5442310 59
5604323 60
5712273 61
5787679 62
5878699 63
5880707 64
5932779 65
5941822 66
5998730 67
6016242 68
6303903 69
6338369 70
6461222 71
6699158 72
6847605 73
6849619 74
6900175 75
6970825 76
7135736 77
7384708 78
7485757 79
7657276 80
7659003 81
7737524 82
8043528 83
8162607 84
8282119 85
8285990 86
8593741 87
8845867 88
8921827 89
9017075 90
9026333 91
9101220 92
9302657 93
9464464 94
9512523 95
9651549 96
9652697 97
9909565 98
9953096 99
10124397 100
10132273 101
10166065 102
10196483 103
10418586 104
10468977 105
10495716 106
10501406 107
10852794 108
10880699 109
10951040 110
11005134 111
11047300 112
11133297 113
11254379 114
11370343 115
11607574 116
11691871 117
11727622 118
11817758 119
11850245 120
12127827 121
12186148 122
12214384 123
12239057 124
12433308 125
12455648 126
12788273 127
12991538 128
13077854 129
13139283 130
13172508 131
13259042 132
13297242 133
13503207 134
13835808 135
14085335 136
14132614 137
14236252 138
14274312 139
14285439 140
14671644 141
14749144 142
14884910 143
15004376 144
15293925 145
15386531 146
15517114 147
15554542 148
15682138 149
15730723 150
15739153 151
15847240 152
15863918 153
16278706 154
16413021 155
16601285 156
16726844 157
16885001 158
16948996 159
17010672 160
17016972 161
17047479 162
17122919 163
17156242 164
17170736 165
17176671 166
17290926 167
17469467 168
17511570 169
17570906 170
17755433 171
17798212 172
18064621 173
18090852 174
18139719 175
18185251 176
18639441 177
18657338 178
18684591 179
18721246 180
18729369 181
18817161 182
18892190 183
18918740 184
19036585 185
19093972 186
19262488 187
19294670 188
19378808 189
19708178 190
19764008 191
19994777 192
20146773 193
20177062 194
20282312 195
20321407 196
20326391 197
20382678 198
20487705 199
20589300 200
20826131 201
20867830 202
20998236 203
21187552 204
21276973 205
21320490 206
21377303 207
21426978 208
21520478 209
21556532 210
22098944 211
22159995 212
22165515 213
22414670 214
22488039 215
22640422 216
22781317 217
22792869 218
22828230 219
22951366 220
22956163 221
23018353 222
23048580 223
23079941 224
23142874 225
23149325 226
23222764 227
23361169 228
23471820 229
23823442 230
23879221 231
23929156 232
23941381 233
24392966 234
24442006 235
24454225 236
24583612 237
24646105 238
24756737 239
24762301 240
24966745 241
25097728 242
25134247 243
25176740 244
25179066 245
25230023 246
25415457 247
25468834 248
25561177 249
25562244 250
25671948 251
25793371 252
25939448 253
26051737 254
26224235 255
26279174 256
26378853 257
26412472 258
26495438 259
26589203 260
26732177 261
26873599 262
26986599 263
27105621 264
27238499 265
27424182 266
27464904 267
27704005 268
27782888 269
27991590 270
28011475 271
28052294 272
28117779 273
28192971 274
28350347 275
28427317 276
28511321 277
28624898 278
28695927 279
28701894 280
28924435 281
28924435 282
28924435 283
29080168 284
29086862 285
29158067 286
29208920 287
29664086 288
30094758 289
30112266 290
30180519 291
30199013 292
30255675 293
30395490 294
30437283 295
30448041 296
30556635 297
30648360 298
30653062 299
30712354 300
30713643 301
30763835 302
30847776 303
30863749 304
31150638 305
31249778 306
31338268 307
31431200 308
31547008 309
31552616 310
31699315 311
31821805 312
32088542 313
32176149 314
32206594 315
32235087 316
32259707 317
32383839 318
32397981 319
32580910 320
32631384 321
32834632 322
33188841 323
33194631 324
33211001 325
33372502 326
33427797 327
33520541 328
33563051 329
33568688 330
33642450 331
33674299 332
33841426 333
33904299 334
33906725 335
33956563 336
34140780 337
34161207 338
34343564 339
34414850 340
34428045 341
34446317 342
34467074 343
34580119 344
34858629 345
35034955 346
35069744 347
35086157 348
35238471 349
35394891 350
35414363 351
35445513 352
35689685 353
35820725 354
35983254 355
36033442 356
36071248 357
36294543 358
36394310 359
36441640 360
36506874 361
36522138 362
36555192 363
36556638 364
36605003 365
36722492 366
36749457 367
36760106 368
36815467 369
36830579 370
36863350 371
36933183 372
36960636 373
36977935 374
36986352 375
37040845 376
37070513 377
37129959 378
37143328 379
37160454 380
37186086 381
37289586 382
37532130 383
37627749 384
37749562 385
37844072 386
37852840 387
37950387 388
38063473 389
38303681 390
38451554 391
38663900 392
38758037 393
38759974 394
38857030 395
39142934 396
39260365 397
39264811 398
39334870 399
39519746 400
39565830 401
39665267 402
39711838 403
39767734 404
39971982 405
40125175 406
40182795 407
40255403 408
40610576 409
40902046 410
41157861 411
41167830 412
41200531 413
41264182 414
41450320 415
41475782 416
41580843 417
41668015 418
41692644 419
41754028 420
41826357 421
41963546 422
42004314 423
42035841 424
42162892 425
42229009 426
42265446 427
42280246 428
42339006 429
42414963 430
42636171 431
42674611 432
42754882 433
42939873 434
42986634 435
43030982 436
43070711 437
43079689 438
43098893 439
43134223 440
43246663 441
43417454 442
43456380 443
43492983 444
43515354 445
43625691 446
43909368 447
44070230 448
44144739 449
44251998 450
44318786 451
44399504 452
44403049 453
44562169 454
44958537 455
44994176 456
45021056 457
45101652 458
45118030 459
45243024 460
45387144 461
45470687 462
45519350 463
45546764 464
45702202 465
45734622 466
45751299 467
45862697 468
45868601 469
45882939 470
45899501 471
46050497 472
46055375 473
46134695 474
46394390 475
46569751 476
46570461 477
46635230 478
46738673 479
46832336 480
46842483 481
46952321 482
47512360 483
47527128 484
47577880 485
47590685 486
47674420 487
47772700 488
47790281 489
47929805 490
47987386 491
48099922 492
48114772 493
48146778 494
48274398 495
48523397 496
48590807 497
48623617 498
48627107 499
48669678 500
48852502 501
49011307 502
49173999 503
49322105 504
49419255 505
49546993 506
49548212 507
49564443 508
49587616 509
49590917 510
49722946 511
49839540 512
49930573 513
50294420 514
50435055 515
50447402 516
50601241 517
50655103 518
50932737 519
51303078 520
51439313 521
51456232 522
51509599 523
51573067 524
51580063 525
51613047 526
51633794 527
51819867 528
52031618 529
52132497 530
52174319 531
52405118 532
52417425 533
52727279 534
53291474 535
53351526 536
53379067 537
53515642 538
53523826 539
53577631 540
53593145 541
53598707 542
53613462 543
53622679 544
53719489 545
53786838 546
54209680 547
54215242 548
54218066 549
54405055 550
54468674 551
54535880 552
54652772 553
54740458 554
54866689 555
55215984 556
55452278 557
55482711 558
55612662 559
55743480 560
55759493 561
55787669 562
55899244 563
56029031 564
56139825 565
56192555 566
56391544 567
56400924 568
56424387 569
56430556 570
56756370 571
56879984 572
57039810 573
57138951 574
57142825 575
57220095 576
57298151 577
57323698 578
57367642 579
57406461 580
57451514 581
57569569 582
57604689 583
57706587 584
57748876 585
58046206 586
58319094 587
58326614 588
58574499 589
58651495 590
58685629 591
58760762 592
58761721 593
58982168 594
58997552 595
59008674 596
59176004 597
59669337 598
59919538 599
60114001 600
60114293 601
60250479 602
60293441 603
60308905 604
60456470 605
60582405 606
60671975 607
60750040 608
60917779 609
60982881 610
60982991 611
61083763 612
61111439 613
61199218 614
61304346 615
61345403 616
61502320 617
61687467 618
61690429 619
61888379 620
62145873 621
62200148 622
62276083 623
62331765 624
62474243 625
62513445 626
62551894 627
62553870 628
62778523 629
62787072 630
62816651 631
62895957 632
62901967 633
63106767 634
63128757 635
63181674 636
63229370 637
63471435 638
63674530 639
63774539 640
63830947 641
63911139 642
63995008 643
64294726 644
64352448 645
64374583 646
64429856 647
64447710 648
64512269 649
65417649 650
65427988 651
65447153 652
65520383 653
65558171 654
65720080 655
65822399 656
66053496 657
66297143 658
66360039 659
66469868 660
66513605 661
66707393 662
66774414 663
66832620 664
66872654 665
67017537 666
67119035 667
67189351 668
67232229 669
67320965 670
67377381 671
67509528 672
67586423 673
67629794 674
67632586 675
67756722 676
67870465 677
67886088 678
67895022 679
67988878 680
68157143 681
68227524 682
68239280 683
68261934 684
68308025 685
68561788 686
68699776 687
68761997 688
68776587 689
68782361 690
69245618 691
69316733 692
69531948 693
69678651 694
69801862 695
69862468 696
69899616 697
69968671 698
70237619 699
70497103 700
70525865 701
70629089 702
70643676 703
70682345 704
70732787 705
70760079 706
70830696 707
70839472 708
70859592 709
71126698 710
71136688 711
71159706 712
71178849 713
71245089 714
71599337 715
71708079 716
71949498 717
72074630 718
72178272 719
72416875 720
72448249 721
72565175 722
73145713 723
73262564 724
73387381 725
73562376 726
73643264 727
73890163 728
73993898 729
74284376 730
74428801 731
74482360 732
74497268 733
74562506 734
74593183 735
74612218 736
74623394 737
74769764 738
74786152 739
75042763 740
75441324 741
75504809 742
75523056 743
75530212 744
75648076 745
75697661 746
75942239 747
75957411 748
75963722 749
76200604 750
76201645 751
76477947 752
76611135 753
76688965 754
76768726 755
76926272 756
77156008 757
77201356 758
77346349 759
77594149 760
77688023 761
77884323 762
77915723 763
78107878 764
78185507 765
78208333 766
78398642 767
78491838 768
78632423 769
78700112 770
78762163 771
78960550 772
79216750 773
79235448 774
79377100 775
79459133 776
79713729 777
79853767 778
79869703 779
79871917 780
79919590 781
79943699 782
80046141 783
80059456 784
80084284 785
80416456 786
80516442 787
80563577 788
80599289 789
80614978 790
80660663 791
80784241 792
80817511 793
81257748 794
81275292 795
81275654 796
81280058 797
81347515 798
81650073 799
81677026 800
81733962 801
81846135 802
81876881 803
81888117 804
81898699 805
81989217 806
82083308 807
82145292 808
82168762 809
82228956 810
82419506 811
82493515 812
82589448 813
82621733 814
82648088 815
82675307 816
82752129 817
82821209 818
82947865 819
82958597 820
83003728 821
83046928 822
83068140 823
83133150 824
83184550 825
83214885 826
83229307 827
83288914 828
83558876 829
83576391 830
83587289 831
83603830 832
83697133 833
83834943 834
83911533 835
83954083 836
83989475 837
84006396 838
84031944 839
84100970 840
84114734 841
84182785 842
84210359 843
84307100 844
84474279 845
84519612 846
84598526 847
85032927 848
85303919 849
85435016 850
85546358 851
85701959 852
85887108 853
85993846 854
86154121 855
86282679 856
86449372 857
86460380 858
86485400 859
86493531 860
86564029 861
86573143 862
86690459 863
86754087 864
86945928 865
86953361 866
87053784 867
87089012 868
87272781 869
87276731 870
87434441 871
87720423 872
87787961 873
88052674 874
88062779 875
88134263 876
88207335 877
88516170 878
88626475 879
88640998 880
88764933 881
88875321 882
88904096 883
88904607 884
88908782 885
89028192 886
89074478 887
89147559 888
89229761 889
89247166 890
89471251 891
89498510 892
89588946 893
89646787 894
89670563 895
89950340 896
89954745 897
90145072 898
90211321 899
90248558 900
90283075 901
90344353 902
90654402 903
90655749 904
90709547 905
90818455 906
90964825 907
91050523 908
91087075 909
91142196 910
91146987 911
91178667 912
91334045 913
91551370 914
91613158 915
91652791 916
91726141 917
91731227 918
91973419 919
92053275 920
92074431 921
92328059 922
92368619 923
92390320 924
92514727 925
92591020 926
92630898 927
92655299 928
92662480 929
92737909 930
92891656 931
93121456 932
93439616 933
93633169 934
93793050 935
93838796 936
93985546 937
94207459 938
94386371 939
94422412 940
94440175 941
94462618 942
94462649 943
94490127 944
94589002 945
95013414 946
95033821 947
95113479 948
95184721 949
95357063 950
95579306 951
95689199 952
95759090 953
95763243 954
95807192 955
96155852 956
96169675 957
96632649 958
96759406 959
96792957 960
96938847 961
96954003 962
97046857 963
97063121 964
97070290 965
97131736 966
97173525 967
97350151 968
97391102 969
97457318 970
97597047 971
97616214 972
97864843 973
97976928 974
97997186 975
98078406 976
98277834 977
98613527 978
98661613 979
98777251 980
98804395 981
98853541 982
98900361 983
98962372 984
99074442 985
99103772 986
99159675 987
99189814 988
99227069 989
99246914 990
99272899 991
99344240 992
99406041 993
99422103 994
99578027 995
99584970 996
99590360 997
99898950 998
99941450 999
