1000
44484603 0
9584902 1
22384055 2
38490119 3
3093828 4
44672354 5
20046648 6
11757982 7
44980398 8
77761804 9
62977087 10
94824544 11
3390118 12
33804780 13
34383549 14
5209184 15
50956813 16
14219758 17
80613717 18
61333677 19
73554130 20
15348646 21
55980025 22
18122513 23
77268140 24
24888859 25
52252966 26
68069271 27
11231728 28
79148604 29
13848827 30
60980960 31
77265256 32
7615062 33
39095068 34
94956707 35
52323869 36
38599748 37
51811404 38
73220803 39
13377392 40
58994702 41
3377097 42
73516325 43
39163790 44
59489892 45
28860385 46
38408302 47
98583041 48
58728068 49
25136601 50
33540631 51
3812115 52
62503096 53
34785039 54
24546278 55
34577500 56
20085066 57
54244722 58
10751208 59
14553035 60
93664737 61
17925468 62
88650548 63
93440312 64
59096695 65
37170358 66
77180314 67
35728866 68
2239860 69
52326906 70
4570062 71
73096620 72
64905182 73
21717040 74
15962462 75
15796885 76
67770488 77
24020112 78
29164361 79
29393351 80
371419 81
69411817 82
68270109 83
95697194 84
98301389 85
73999776 86
27053337 87
98262708 88
55972186 89
83154546 90
45849694 91
19202017 92
25431861 93
61239660 94
41226849 95
20416384 96
67573528 97
68957079 98
63286101 99
96481732 100
57275356 101
51967744 102
47349449 103
6809387 104
89588566 105
37638843 106
45492732 107
609664 108
7849309 109
19034018 110
23402994 111
40809268 112
27494534 113
94302641 114
73422420 115
56601029 116
64278494 117
70055619 118
95873154 119
58563350 120
35458550 121
34935676 122
74254747 123
69814430 124
63605221 125
91103316 126
56392019 127
3379447 128
62592352 129
7207357 130
98729847 131
54942150 132
74764154 133
48351593 134
13092357 135
42652025 136
95314258 137
67976911 138
36901989 139
18373264 140
14721513 141
60453408 142
1093785 143
55718518 144
98164170 145
35852448 146
41349102 147
6071076 148
97249646 149
61211400 150
4008827 151
87809759 152
2914055 153
2726851 154
93135961 155
40769602 156
58758252 157
26077919 158
46628762 159
30629993 160
38174767 161
79453418 162
54529178 163
99996070 164
1709556 165
15358718 166
49601499 167
82709468 168
39333223 169
57919703 170
79117985 171
75084579 172
77023929 173
8181984 174
8506605 175
68592449 176
21869357 177
28701107 178
55356115 179
89188376 180
65405872 181
40147455 182
95347251 183
10500144 184
99410160 185
15585882 186
21629334 187
69572007 188
96215717 189
26823783 190
44323479 191
99931519 192
96313662 193
61534063 194
22501563 195
29269641 196
85310201 197
97120444 198
39468871 199
22745118 200
83807224 201
11687560 202
52974092 203
98140639 204
834353 205
71023078 206
6836664 207
32625558 208
37342295 209
85166187 210
61653239 211
14796358 212
70133058 213
51584814 214
62923787 215
88919694 216
63999105 217
26654924 218
26399522 219
31382194 220
39334233 221
2535964 222
59877089 223
94811523 224
46916139 225
98012898 226
59767942 227
34192823 228
90279194 229
6081985 230
11514927 231
10244563 232
69890653 233
94681529 234
3065321 235
27750378 236
44760096 237
36237825 238
58545093 239
4052480 240
10880750 241
84646469 242
93207496 243
60783914 244
23940125 245
47179919 246
34150120 247
60158616 248
25898589 249
71505958 250
22546006 251
34223672 252
21654974 253
4133871 254
24300216 255
2160109 256
34300064 257
90875683 258
99764624 259
82477850 260
69644926 261
91228979 262
87457471 263
26173472 264
95392147 265
7088253 266
349272 267
21424699 268
27361689 269
99463465 270
92857286 271
38260890 272
65073992 273
2502931 274
43039348 275
8038643 276
57058556 277
52804280 278
66322072 279
64315771 280
19288326 281
52765170 282
383057 283
55873212 284
57373176 285
94630513 286
45959595 287
56225415 288
38497016 289
96792866 290
53469248 291
39209433 292
92647679 293
97662773 294
13933779 295
79878259 296
34943263 297
33298111 298
85101252 299
38394795 300
74900316 301
9011693 302
74793363 303
95343143 304
71187662 305
71460426 306
53275638 307
9807927 308
38089699 309
16879843 310
19250373 311
99476325 312
74054320 313
11559379 314
91570224 315
35682749 316
94324731 317
19913889 318
85428970 319
12161954 320
65335362 321
51523182 322
60992610 323
96879497 324
55626674 325
75107010 326
35342016 327
14306965 328
5335862 329
5001432 330
47315843 331
84721890 332
27522904 333
64681628 334
51920629 335
68168440 336
12539430 337
72585925 338
44423526 339
44374835 340
34323833 341
31586042 342
96117193 343
23723906 344
62353858 345
72782592 346
95635714 347
53498396 348
57499809 349
80325217 350
10992112 351
25626585 352
81619300 353
30068298 354
19646050 355
68130518 356
69726897 357
7924148 358
54803486 359
66551485 360
38371463 361
99921295 362
42571451 363
9968394 364
28569386 365
54087601 366
37459897 367
22160877 368
67880490 369
89696216 370
54455381 371
86966742 372
12936238 373
76947561 374
29189066 375
27493114 376
54391474 377
64875536 378
57691579 379
93598386 380
48679424 381
33752582 382
41509515 383
28946193 384
77278988 385
14336704 386
46747247 387
7225520 388
34704166 389
77075396 390
94826553 391
43494747 392
80400083 393
51543739 394
11490444 395
60828698 396
66324449 397
47106045 398
51598036 399
90479830 400
15818211 401
26740700 402
13547349 403
7392920 404
51160516 405
9444688 406
21908207 407
27744358 408
33532446 409
11253012 410
2139322 411
38377788 412
32009540 413
59453057 414
95833881 415
85711561 416
88961499 417
13839157 418
58996257 419
93536880 420
92301426 421
28252842 422
8588936 423
65467701 424
22173562 425
91694897 426
25822194 427
3096007 428
77519761 429
11917796 430
18265747 431
89397410 432
23728003 433
35911470 434
18945759 435
84997398 436
70885009 437
93935807 438
16833205 439
57010038 440
54115631 441
89780513 442
2289292 443
74040380 444
26893284 445
49608643 446
29708739 447
79421584 448
73496405 449
44147398 450
48308794 451
22704460 452
71640078 453
83155818 454
49898386 455
74471562 456
80686621 457
54849576 458
72761863 459
4529075 460
25141902 461
10467337 462
46189760 463
8961163 464
23798041 465
97261404 466
77991996 467
5395286 468
77267159 469
78370481 470
53750597 471
5083718 472
98887686 473
95106522 474
95764258 475
50166837 476
20243138 477
90091721 478
15255400 479
84853554 480
45065645 481
66130178 482
44193846 483
13146633 484
49230147 485
81258789 486
39388662 487
10924292 488
11967913 489
64083092 490
53110958 491
57062646 492
70872772 493
84916607 494
11578448 495
25756782 496
53724246 497
59017389 498
59215244 499
79886838 500
85776634 501
95354995 502
92504706 503
37142995 504
41328632 505
22296412 506
3021020 507
79735475 508
22652691 509
57100303 510
83820833 511
69976548 512
27341320 513
15901131 514
20255163 515
18137389 516
70525644 517
17809076 518
72597118 519
82532887 520
61211400 521
57011117 522
9602658 523
19609440 524
20630498 525
16451080 526
21864890 527
50429457 528
77775732 529
40061563 530
30381332 531
68280938 532
50829672 533
3652164 534
23486655 535
47814050 536
33182610 537
58558690 538
96511993 539
27903297 540
57866457 541
39802702 542
89999197 543
83243226 544
62810715 545
36592545 546
71222351 547
59819999 548
24943471 549
13317325 550
14966281 551
43446494 552
67123020 553
87256672 554
5491924 555
43229880 556
88419413 557
15151341 558
87613807 559
52477950 560
34869307 561
53063621 562
16096442 563
76150608 564
82418160 565
93423787 566
90015309 567
43184190 568
23920554 569
239415 570
5417490 571
36205017 572
75200856 573
10857881 574
42799060 575
54713394 576
9237639 577
59805119 578
91728827 579
88242539 580
37723969 581
46763749 582
28199927 583
49506389 584
72671713 585
94459924 586
13424530 587
49749705 588
78163412 589
58335324 590
38838167 591
25598226 592
97423058 593
26768769 594
83148891 595
8625165 596
91166909 597
94651679 598
84384042 599
26324749 600
23814343 601
36040551 602
29721775 603
58308775 604
81396821 605
67314218 606
95537804 607
89332340 608
40096247 609
43310301 610
49266320 611
6277034 612
32574580 613
75127307 614
16818053 615
93432467 616
11138226 617
64641576 618
65456647 619
48540550 620
78577208 621
16493165 622
91247452 623
80692398 624
16149867 625
89509460 626
6217380 627
15327276 628
94900052 629
55665549 630
39772759 631
24883422 632
88896510 633
95960389 634
75155773 635
85463422 636
23604255 637
54217520 638
37906190 639
71285012 640
38890118 641
798031 642
45727282 643
33687942 644
99634126 645
33136283 646
19028024 647
16717412 648
11360251 649
51095481 650
62912729 651
77603102 652
6594718 653
23991782 654
48557637 655
37643755 656
90981709 657
1329034 658
43608155 659
55615785 660
76236875 661
66825633 662
16234409 663
89875657 664
79114968 665
60023282 666
87852260 667
85256410 668
67860777 669
92247987 670
67717602 671
5319792 672
58168514 673
60295946 674
11531153 675
35561144 676
85841193 677
71502271 678
16480032 679
46945495 680
76018794 681
13259733 682
46392157 683
10225561 684
90730222 685
98927263 686
74611811 687
24755546 688
77519383 689
14217883 690
61206669 691
3383245 692
57616141 693
53250718 694
71354009 695
25076442 696
22346914 697
56049279 698
50576773 699
70741332 700
56972754 701
37978993 702
80157971 703
20352011 704
61211400 705
17561796 706
36645347 707
23604677 708
30895121 709
55167639 710
11005902 711
78508539 712
97097130 713
27955270 714
19861352 715
6652473 716
84884091 717
2254432 718
91686245 719
53502009 720
71362528 721
72895309 722
92641176 723
1553151 724
54362068 725
37310533 726
41013371 727
95403537 728
50711117 729
86149644 730
49417704 731
68363219 732
83521911 733
46211132 734
5188541 735
77363862 736
53168062 737
87047421 738
38487484 739
24844103 740
51093040 741
7201128 742
60309027 743
53789218 744
58725583 745
95479181 746
83751171 747
44002191 748
89725509 749
44839973 750
56344556 751
76616475 752
20727715 753
20411088 754
40133663 755
36181855 756
65642161 757
77727373 758
68145193 759
77365318 760
98809011 761
31188339 762
79043844 763
56406976 764
68444939 765
66260761 766
87743399 767
92638590 768
29202442 769
94839262 770
99479840 771
97729909 772
20554052 773
28773145 774
67043155 775
4158242 776
92748229 777
96745305 778
12386993 779
79206739 780
15458412 781
43327957 782
82956627 783
49191095 784
69869529 785
81953125 786
51814299 787
58849668 788
36310024 789
24012624 790
33019453 791
81371473 792
24769109 793
80192921 794
61385623 795
5390460 796
67812114 797
52206465 798
37304492 799
13575313 800
826117 801
33100872 802
31207650 803
60231449 804
60713895 805
56532487 806
47617756 807
53030626 808
16640396 809
95790627 810
31955335 811
35194509 812
35814387 813
47647768 814
82142897 815
67357740 816
85609559 817
48570211 818
51664484 819
26696659 820
15601723 821
59601774 822
97665457 823
17746068 824
33097246 825
95829666 826
38672072 827
68862950 828
40147425 829
45611921 830
26347403 831
62596323 832
50633057 833
45880007 834
28482030 835
25930383 836
8856630 837
27177236 838
89638012 839
87679994 840
41556589 841
30720251 842
5961741 843
98094480 844
71779747 845
76672180 846
57010832 847
30147690 848
95033100 849
78690382 850
78318452 851
11999538 852
23404918 853
50551410 854
73205677 855
34983250 856
8579095 857
55949978 858
23690647 859
91351827 860
46223326 861
78512085 862
77088348 863
12914486 864
90367183 865
30570230 866
91128869 867
64934430 868
92691014 869
83082931 870
39034111 871
69370885 872
21433678 873
15782025 874
89413941 875
90371121 876
416260 877
13603543 878
6731581 879
82111675 880
90376227 881
49293728 882
34900887 883
44673676 884
26696423 885
17508941 886
82355708 887
65452527 888
30172802 889
80445155 890
71070154 891
76269571 892
91495411 893
51128607 894
53122834 895
24685480 896
1777952 897
33364253 898
89818889 899
39869516 900
15214707 901
29474252 902
31104640 903
51116109 904
94898409 905
72053616 906
11632908 907
79746111 908
44934161 909
45386670 910
70590931 911
16993140 912
99348033 913
13952045 914
31934030 915
71453628 916
25997624 917
92443892 918
53317478 919
72735511 920
16545523 921
19094212 922
32689219 923
44690702 924
92722368 925
29225486 926
30037580 927
32691759 928
69629661 929
53377181 930
11267234 931
32489496 932
18822178 933
73503835 934
16962551 935
17731506 936
89562412 937
1148047 938
20678437 939
92308264 940
81807350 941
68735764 942
46317238 943
26097813 944
49900594 945
47440750 946
84097605 947
60403057 948
21123856 949
9459571 950
67060493 951
99126402 952
24864682 953
93172810 954
60386974 955
67404160 956
62636935 957
34217861 958
82493065 959
62609590 960
43615150 961
2579706 962
86084157 963
39146417 964
63723369 965
27682401 966
66056992 967
96006032 968
16183603 969
27949054 970
13620195 971
41529659 972
34438114 973
4843706 974
28663140 975
91347320 976
56231095 977
16254756 978
10810080 979
8436880 980
69000480 981
19824898 982
84429183 983
86406232 984
60564510 985
1037571 986
75127019 987
3383136 988
51057477 989
48679479 990
14599360 991
7837201 992
77473059 993
55315542 994
99230902 995
7386665 996
22020295 997
89613262 998
2015479 999
