2500
39862 0
83366 1
118738 2
128595 3
177371 4
234970 5
380892 6
401725 7
435338 8
447943 9
452764 10
464857 11
604212 12
634929 13
688823 14
725182 15
764964 16
766549 17
793534 18
800709 19
810396 20
843860 21
923838 22
1001697 23
1060883 24
1094716 25
1193363 26
1351747 27
1420069 28
1507868 29
1594806 30
1621419 31
1661238 32
1667650 33
1798572 34
1895130 35
1923478 36
1986653 37
1996690 38
2002148 39
2002308 40
2029722 41
2071165 42
2129597 43
2132168 44
2147789 45
2185475 46
2242718 47
2252239 48
2286743 49
2311098 50
2317824 51
2338064 52
2417532 53
2434931 54
2454880 55
2459086 56
2481517 57
2502490 58
2577400 59
2599001 60
2712934 61
2734243 62
2894046 63
2973736 64
2996821 65
3092482 66
3125823 67
3155520 68
3165508 69
3194455 70
3201991 71
3258763 72
3278715 73
3303241 74
3315222 75
3323124 76
3364159 77
3408734 78
3494941 79
3525823 80
3579425 81
3650249 82
3697367 83
3708431 84
3754850 85
3799408 86
3814223 87
3819220 88
3831945 89
3900688 90
3986975 91
4078878 92
4128009 93
4157015 94
4181805 95
4215027 96
4219311 97
4249970 98
4262066 99
4286602 100
4288956 101
4319965 102
4415932 103
4422584 104
4607938 105
4630434 106
4887713 107
4926012 108
4954532 109
5044159 110
5049905 111
5074047 112
5119955 113
5142398 114
5183818 115
5191827 116
5219050 117
5219107 118
5221746 119
5237805 120
5256324 121
5268330 122
5269428 123
5294322 124
5427113 125
5469779 126
5472097 127
5508064 128
5528791 129
5556797 130
5557683 131
5643081 132
5863695 133
5869464 134
5870695 135
5951487 136
5987962 137
5997790 138
6007872 139
6065030 140
6082044 141
6164076 142
6169604 143
6208376 144
6247923 145
6264893 146
6348948 147
6386809 148
6393305 149
6445709 150
6448829 151
6449877 152
6459609 153
6508645 154
6606918 155
6643197 156
6809352 157
6940437 158
6946298 159
6976518 160
7057166 161
7101281 162
7262328 163
7330530 164
7459002 165
7537004 166
7600540 167
7602812 168
7653562 169
7663352 170
7675273 171
7715650 172
7744182 173
7746485 174
7761061 175
7795967 176
7801802 177
7942094 178
7964897 179
7983984 180
7991056 181
8004570 182
8035486 183
8057104 184
8065248 185
8140360 186
8221212 187
8272393 188
8299416 189
8340138 190
8430016 191
8477203 192
8510586 193
8579800 194
8602137 195
8669202 196
8669837 197
8732670 198
8755149 199
8781054 200
8795742 201
8908049 202
9033281 203
9088496 204
9189448 205
9211877 206
9215510 207
9219108 208
9304417 209
9317454 210
9346003 211
9348876 212
9493203 213
9497514 214
9595819 215
9611692 216
9709029 217
9712412 218
9755314 219
9762699 220
9841954 221
10087406 222
10091382 223
10114675 224
10141984 225
10239154 226
10241458 227
10258486 228
10291729 229
10336451 230
10383426 231
10390312 232
10409329 233
10503839 234
10532220 235
10550881 236
10573656 237
10596508 238
10622207 239
10670953 240
10717571 241
10725478 242
10810935 243
10924411 244
10990761 245
11012078 246
11014560 247
11128933 248
11216061 249
11216469 250
11216516 251
11289054 252
11297466 253
11350812 254
11367526 255
11381171 256
11424283 257
11496802 258
11610479 259
11661069 260
11668133 261
11694297 262
11822741 263
11880750 264
11966116 265
11974023 266
11997214 267
12008675 268
12015689 269
12032596 270
12035094 271
12060546 272
12077417 273
12127490 274
12176700 275
12209068 276
12318573 277
12331827 278
12349202 279
12350024 280
12367611 281
12436596 282
12561241 283
12564615 284
12800920 285
12909440 286
12929359 287
13012678 288
13042985 289
13051390 290
13143052 291
13180670 292
13211372 293
13282450 294
13323799 295
13331187 296
13405402 297
13480061 298
13549421 299
13573622 300
13589093 301
13678498 302
13704546 303
13777413 304
13781936 305
13803725 306
13833038 307
13833454 308
13918333 309
13968072 310
13990570 311
14012598 312
14023992 313
14039761 314
14075637 315
14076715 316
14113486 317
14121629 318
14231397 319
14287547 320
14301650 321
14376326 322
14426692 323
14440864 324
14443601 325
14572488 326
14651547 327
14725202 328
14751345 329
14757744 330
14764566 331
14789618 332
14859012 333
14887824 334
14892734 335
14916173 336
14936750 337
14975776 338
14995534 339
15068438 340
15073727 341
15090182 342
15090877 343
15096893 344
15122525 345
15136147 346
15136150 347
15142885 348
15200782 349
15204486 350
15275678 351
15299470 352
15351069 353
15371237 354
15403565 355
15409150 356
15581050 357
15616937 358
15700621 359
15772976 360
15778666 361
15780542 362
15780962 363
15781562 364
15864185 365
15926245 366
15926715 367
15951455 368
15986698 369
16098961 370
16129587 371
16148815 372
16325580 373
16435793 374
16470916 375
16511539 376
16513049 377
16560230 378
16564065 379
16659898 380
16824639 381
16837346 382
16841604 383
16857641 384
16881121 385
16907180 386
16975892 387
17003944 388
17146146 389
17161497 390
17175225 391
17215100 392
17241825 393
17276693 394
17355095 395
17381979 396
17402020 397
17457262 398
17463541 399
17498655 400
17525888 401
17535067 402
17547916 403
17726165 404
17739902 405
17748462 406
17759961 407
17796672 408
17805659 409
17850975 410
17870088 411
17896503 412
17954251 413
17966426 414
17972845 415
18089580 416
18094188 417
18103258 418
18108959 419
18112573 420
18114290 421
18142677 422
18157162 423
18196461 424
18221490 425
18264475 426
18476238 427
18521386 428
18555394 429
18611069 430
18670303 431
18671924 432
18686832 433
18688852 434
18777918 435
18784334 436
18786618 437
18834429 438
18839744 439
18868837 440
18896476 441
18961301 442
18962044 443
18967181 444
19019938 445
19042458 446
19097770 447
19110402 448
19188063 449
19197286 450
19252992 451
19261958 452
19314792 453
19314976 454
19462647 455
19496568 456
19535429 457
19570239 458
19577651 459
19596840 460
19709341 461
19744639 462
19749384 463
19795323 464
19974105 465
19991387 466
20155472 467
20169454 468
20208016 469
20262944 470
20304974 471
20316512 472
20331333 473
20354875 474
20355689 475
20378486 476
20450923 477
20461447 478
20468926 479
20483916 480
20579911 481
20582614 482
20614594 483
20615168 484
20801182 485
20838996 486
20857910 487
20871174 488
20914543 489
21071869 490
21154831 491
21186433 492
21269134 493
21286930 494
21300556 495
21325759 496
21359781 497
21365279 498
21392569 499
21399628 500
21437793 501
21458492 502
21466383 503
21485066 504
21579753 505
21626210 506
21654865 507
21830573 508
21884499 509
21904845 510
21929443 511
21931855 512
21933062 513
22039145 514
22153769 515
22183053 516
22270010 517
22308003 518
22364855 519
22366468 520
22396472 521
22531044 522
22566096 523
22573997 524
22604880 525
22659112 526
22680607 527
22689619 528
22712851 529
22714639 530
22718050 531
22720062 532
22813591 533
22832214 534
22871405 535
22876403 536
22926815 537
22951892 538
22968464 539
23003713 540
23052213 541
23057728 542
23155701 543
23177357 544
23210837 545
23283648 546
23286830 547
23329225 548
23335452 549
23390921 550
23435855 551
23505855 552
23527372 553
23584806 554
23596323 555
23686808 556
23689831 557
23702500 558
23703715 559
23761387 560
23930169 561
23937774 562
23945916 563
23973782 564
24009270 565
24044725 566
24084163 567
24106363 568
24127656 569
24132995 570
24134207 571
24264819 572
24267652 573
24268893 574
24326912 575
24443233 576
24585005 577
24738199 578
24747120 579
24785497 580
24824018 581
24868877 582
24871610 583
24912678 584
25063316 585
25084046 586
25120422 587
25150091 588
25212758 589
25226172 590
25268149 591
25303426 592
25355001 593
25503073 594
25544475 595
25651995 596
25660437 597
25664265 598
25776847 599
25791488 600
25798750 601
25819314 602
25847836 603
25896351 604
25918791 605
25925826 606
25937087 607
26112145 608
26149225 609
26182414 610
26191201 611
26196045 612
26228413 613
26339576 614
26343159 615
26349390 616
26407929 617
26437119 618
26488098 619
26533844 620
26561389 621
26564571 622
26589987 623
26660846 624
26669200 625
26674222 626
26675509 627
26712175 628
26733034 629
26734482 630
26765719 631
26783408 632
26889102 633
26910469 634
26946234 635
26958649 636
26976931 637
27008414 638
27045142 639
27054867 640
27055803 641
27132618 642
27253939 643
27279140 644
27372004 645
27376882 646
27382893 647
27434846 648
27456868 649
27639029 650
27646144 651
27659742 652
27666895 653
27687544 654
27734240 655
27749118 656
27762693 657
27786337 658
27824892 659
27957543 660
27967526 661
27976210 662
28018035 663
28022641 664
28026659 665
28060275 666
28066450 667
28200192 668
28204503 669
28236203 670
28248714 671
28260448 672
28289103 673
28307106 674
28367721 675
28490559 676
28552235 677
28587812 678
28653129 679
28655865 680
28680188 681
28683616 682
28685136 683
28691107 684
28694048 685
28867661 686
28954900 687
28986241 688
28988027 689
29000823 690
29027568 691
29042306 692
29089105 693
29179796 694
29195729 695
29197820 696
29236974 697
29237371 698
29351861 699
29385196 700
29455879 701
29505689 702
29542675 703
29633004 704
29640627 705
29654541 706
29664753 707
29753374 708
29834247 709
29851623 710
29884591 711
29969709 712
29994397 713
30036322 714
30046293 715
30052995 716
30073301 717
30178091 718
30208992 719
30211222 720
30263549 721
30276523 722
30285441 723
30291809 724
30352002 725
30377016 726
30415779 727
30452861 728
30473671 729
30546566 730
30582592 731
30638003 732
30763114 733
30772719 734
30856000 735
30887560 736
30944971 737
30977814 738
30980914 739
31034518 740
31039162 741
31066114 742
31080435 743
31130977 744
31149279 745
31208383 746
31241582 747
31265561 748
31286029 749
31343076 750
31363611 751
31372284 752
31442429 753
31476392 754
31524365 755
31543136 756
31554131 757
31559846 758
31580986 759
31591217 760
31623432 761
31626596 762
31630687 763
31751445 764
31754263 765
31819321 766
31886165 767
32004694 768
32021539 769
32071287 770
32073238 771
32132089 772
32162605 773
32188299 774
32396770 775
32404088 776
32575010 777
32578120 778
32632066 779
32683833 780
32700676 781
32722432 782
32727950 783
32836249 784
32875843 785
32899869 786
32973819 787
33072824 788
33098866 789
33186088 790
33192278 791
33207243 792
33253640 793
33302523 794
33303468 795
33384893 796
33423680 797
33426126 798
33604609 799
33701059 800
33723225 801
33738321 802
33741129 803
33742984 804
33894291 805
33960970 806
33962692 807
33974680 808
33992234 809
34002403 810
34053540 811
34065824 812
34092246 813
34215304 814
34280943 815
34282002 816
34292662 817
34318212 818
34327434 819
34431543 820
34432330 821
34521261 822
34644708 823
34651864 824
34693593 825
34727836 826
34733878 827
34743984 828
34894650 829
35006974 830
35040409 831
35066550 832
35116881 833
35128241 834
35189482 835
35191533 836
35254930 837
35263915 838
35265299 839
35308837 840
35630877 841
35651717 842
35731628 843
35785419 844
35867848 845
35902789 846
35913675 847
35942732 848
36046737 849
36139910 850
36174169 851
36199848 852
36215350 853
36238229 854
36252146 855
36253908 856
36377102 857
36379434 858
36417609 859
36425809 860
36526130 861
36580166 862
36642822 863
36680372 864
36681910 865
36776980 866
36790554 867
36814524 868
36830374 869
36932297 870
36943575 871
36951648 872
37040770 873
37099379 874
37107662 875
37121713 876
37145847 877
37150066 878
37154543 879
37191347 880
37254069 881
37403013 882
37405656 883
37431161 884
37434838 885
37506323 886
37526772 887
37584104 888
37610821 889
37683427 890
37711825 891
37843414 892
37978402 893
38139450 894
38215678 895
38222800 896
38257935 897
38313575 898
38411927 899
38499497 900
38603090 901
38622166 902
38635932 903
38684882 904
38785069 905
38854459 906
38854636 907
38898371 908
38905193 909
38946176 910
38982306 911
39067345 912
39091252 913
39164836 914
39173683 915
39186133 916
39277952 917
39385584 918
39476708 919
39482399 920
39576344 921
39634549 922
39655577 923
39683735 924
39692661 925
39709315 926
39733115 927
39743155 928
39816860 929
39835387 930
39835906 931
39865478 932
39916876 933
39938511 934
40041903 935
40051800 936
40065086 937
40164537 938
40177985 939
40202275 940
40224483 941
40227727 942
40254770 943
40319909 944
40327981 945
40352322 946
40373387 947
40395402 948
40496237 949
40525659 950
40600904 951
40648468 952
40675741 953
40705392 954
40723297 955
40767344 956
40767380 957
40779291 958
40849365 959
40854650 960
40858486 961
40943461 962
40956335 963
40972156 964
40976526 965
40981577 966
40986790 967
40987443 968
41157794 969
41172617 970
41213216 971
41222673 972
41262096 973
41312032 974
41335578 975
41343989 976
41434388 977
41497199 978
41505041 979
41508635 980
41548155 981
41661638 982
41667860 983
41688983 984
41691792 985
41722039 986
41737299 987
41772413 988
41790014 989
41812660 990
41812741 991
41823174 992
41850261 993
41887615 994
41906743 995
41917070 996
41961801 997
41989096 998
41991127 999
42003679 1000
42083330 1001
42163803 1002
42168616 1003
42215786 1004
42230001 1005
42255296 1006
42303357 1007
42308070 1008
42332081 1009
42473819 1010
42504613 1011
42512351 1012
42637280 1013
42768757 1014
42771616 1015
42776217 1016
42832172 1017
42865260 1018
42869137 1019
42892711 1020
42893113 1021
42921911 1022
42928729 1023
42959405 1024
43001413 1025
43002467 1026
43014666 1027
43050530 1028
43074630 1029
43127742 1030
43153968 1031
43159274 1032
43204732 1033
43237904 1034
43405542 1035
43416242 1036
43489878 1037
43503313 1038
43506353 1039
43533947 1040
43567275 1041
43605676 1042
43700532 1043
43742554 1044
43822727 1045
43832341 1046
43857309 1047
43951933 1048
43970788 1049
43983084 1050
44028471 1051
44041430 1052
44192375 1053
44212659 1054
44221703 1055
44296160 1056
44300927 1057
44339458 1058
44343130 1059
44392573 1060
44392721 1061
44421259 1062
44534048 1063
44592406 1064
44621829 1065
44725470 1066
44736705 1067
44769342 1068
44776653 1069
44821878 1070
44847259 1071
44848276 1072
44944760 1073
45002756 1074
45034799 1075
45035418 1076
45057464 1077
45061992 1078
45147370 1079
45174062 1080
45197655 1081
45281676 1082
45297584 1083
45348407 1084
45398116 1085
45445968 1086
45467127 1087
45489894 1088
45526830 1089
45538156 1090
45540622 1091
45640412 1092
45673499 1093
45684520 1094
45687813 1095
45736653 1096
45736830 1097
45752828 1098
45760155 1099
45768786 1100
45777196 1101
45799370 1102
45839343 1103
45845617 1104
46000573 1105
46018610 1106
46057049 1107
46065656 1108
46094953 1109
46109276 1110
46110842 1111
46117681 1112
46123060 1113
46127510 1114
46241452 1115
46260672 1116
46266432 1117
46359448 1118
46402046 1119
46479154 1120
46498640 1121
46517575 1122
46546366 1123
46711326 1124
46770387 1125
46775534 1126
46805604 1127
46815005 1128
46832270 1129
46875460 1130
47010581 1131
47049572 1132
47063351 1133
47114889 1134
47200352 1135
47200716 1136
47210968 1137
47212220 1138
47223099 1139
47240236 1140
47261133 1141
47309620 1142
47310180 1143
47360135 1144
47377581 1145
47388907 1146
47400547 1147
47415908 1148
47503847 1149
47550090 1150
47560065 1151
47602686 1152
47767787 1153
47924239 1154
47959631 1155
47969285 1156
47989774 1157
47997643 1158
48043110 1159
48114641 1160
48120231 1161
48162760 1162
48165428 1163
48227073 1164
48279681 1165
48367832 1166
48415159 1167
48427135 1168
48444309 1169
48478176 1170
48496445 1171
48500583 1172
48513458 1173
48603234 1174
48637218 1175
48647037 1176
48687731 1177
48717515 1178
48743216 1179
48772013 1180
48820457 1181
48854891 1182
48887709 1183
48901081 1184
48908720 1185
48991953 1186
48998974 1187
49010060 1188
49069160 1189
49075712 1190
49162332 1191
49199153 1192
49200502 1193
49213446 1194
49230951 1195
49240158 1196
49257037 1197
49264742 1198
49289335 1199
49314782 1200
49387672 1201
49437816 1202
49487526 1203
49572897 1204
49574429 1205
49584605 1206
49601757 1207
49683117 1208
49773299 1209
49813518 1210
49833013 1211
49843275 1212
49861890 1213
49862508 1214
49884281 1215
49961499 1216
49977808 1217
50074141 1218
50162496 1219
50225116 1220
50239536 1221
50283311 1222
50299050 1223
50311821 1224
50338765 1225
50360408 1226
50364599 1227
50452314 1228
50550087 1229
50561112 1230
50570838 1231
50576451 1232
50579423 1233
50583453 1234
50595674 1235
50600516 1236
50612372 1237
50666816 1238
50747567 1239
50816098 1240
50829789 1241
50848790 1242
50857173 1243
50891982 1244
50910115 1245
50920134 1246
50989527 1247
51070649 1248
51119618 1249
51187494 1250
51238241 1251
51315286 1252
51368569 1253
51371452 1254
51394764 1255
51414312 1256
51425146 1257
51490851 1258
51493226 1259
51525671 1260
51531647 1261
51549467 1262
51555625 1263
51614015 1264
51618296 1265
51628987 1266
51639692 1267
51762089 1268
51768925 1269
51791466 1270
51810803 1271
51813816 1272
51868585 1273
51953635 1274
51979732 1275
52069601 1276
52173515 1277
52192060 1278
52199100 1279
52250525 1280
52273113 1281
52328233 1282
52349681 1283
52431352 1284
52441661 1285
52455666 1286
52455666 1287
52455666 1288
52480657 1289
52484617 1290
52533001 1291
52561736 1292
52682247 1293
52689521 1294
52695737 1295
52702501 1296
52757636 1297
52849031 1298
52857661 1299
52894839 1300
52999245 1301
53025500 1302
53088415 1303
53091700 1304
53140459 1305
53146852 1306
53264379 1307
53307834 1308
53391496 1309
53486157 1310
53526108 1311
53606930 1312
53624595 1313
53648961 1314
53650263 1315
53651382 1316
53662799 1317
53764749 1318
53772365 1319
53777276 1320
53871737 1321
53883892 1322
53922423 1323
53929878 1324
53957645 1325
53968196 1326
53970584 1327
53986259 1328
53996824 1329
54004634 1330
54015090 1331
54112385 1332
54137903 1333
54202889 1334
54259115 1335
54259602 1336
54363087 1337
54400187 1338
54426763 1339
54473030 1340
54518000 1341
54530557 1342
54562334 1343
54568706 1344
54611702 1345
54630371 1346
54647138 1347
54648754 1348
54655903 1349
54706512 1350
54724019 1351
54794145 1352
54795582 1353
54807750 1354
54836000 1355
55045255 1356
55090634 1357
55100279 1358
55189782 1359
55198368 1360
55272959 1361
55303712 1362
55333310 1363
55342386 1364
55348643 1365
55403897 1366
55404658 1367
55405043 1368
55546084 1369
55609265 1370
55657249 1371
55657756 1372
55681780 1373
55688248 1374
55689484 1375
55749192 1376
55758381 1377
55759513 1378
55882838 1379
55957031 1380
55968008 1381
55990027 1382
56009011 1383
56043662 1384
56093207 1385
56127412 1386
56151316 1387
56173558 1388
56196533 1389
56214884 1390
56216158 1391
56293500 1392
56300812 1393
56311588 1394
56313575 1395
56336141 1396
56337284 1397
56380748 1398
56501382 1399
56552990 1400
56658647 1401
56741001 1402
56805073 1403
56866326 1404
56893462 1405
56904106 1406
56947481 1407
56948204 1408
57000875 1409
57042181 1410
57078477 1411
57080368 1412
57085335 1413
57105805 1414
57137661 1415
57193490 1416
57216095 1417
57316226 1418
57385319 1419
57430896 1420
57448090 1421
57492587 1422
57579480 1423
57611234 1424
57764647 1425
57844510 1426
57848069 1427
57921441 1428
57951450 1429
57976897 1430
57997718 1431
58028908 1432
58104988 1433
58130725 1434
58154144 1435
58155874 1436
58233910 1437
58233952 1438
58285433 1439
58360568 1440
58380523 1441
58403666 1442
58434728 1443
58440210 1444
58471245 1445
58543989 1446
58605254 1447
58625678 1448
58683346 1449
58685884 1450
58731506 1451
58776422 1452
58788986 1453
58795465 1454
58839682 1455
58853258 1456
58871111 1457
58881286 1458
58894104 1459
58930553 1460
59010221 1461
59083023 1462
59096773 1463
59208716 1464
59230317 1465
59256364 1466
59317667 1467
59373109 1468
59376215 1469
59385572 1470
59408394 1471
59408649 1472
59445909 1473
59456786 1474
59460136 1475
59481105 1476
59581846 1477
59587568 1478
59618425 1479
59699537 1480
59758609 1481
59785742 1482
59804853 1483
59879390 1484
59883111 1485
59960279 1486
59987740 1487
60015233 1488
60031661 1489
60032016 1490
60045262 1491
60073221 1492
60084670 1493
60084794 1494
60131979 1495
60144503 1496
60165048 1497
60209993 1498
60217548 1499
60229921 1500
60288284 1501
60297612 1502
60298669 1503
60300013 1504
60303048 1505
60333762 1506
60362755 1507
60414132 1508
60414954 1509
60446105 1510
60541589 1511
60545898 1512
60591795 1513
60680663 1514
60742526 1515
60772009 1516
60825243 1517
60881298 1518
60890928 1519
60966176 1520
61015665 1521
61067782 1522
61068069 1523
61088002 1524
61212849 1525
61277062 1526
61332336 1527
61370811 1528
61426764 1529
61440308 1530
61440796 1531
61488910 1532
61495707 1533
61505426 1534
61659753 1535
61701115 1536
61703524 1537
61707948 1538
61750005 1539
61750201 1540
61853695 1541
61870607 1542
61915346 1543
62040523 1544
62048060 1545
62071604 1546
62107083 1547
62123707 1548
62200558 1549
62333290 1550
62414747 1551
62511331 1552
62536906 1553
62603798 1554
62637410 1555
62648996 1556
62705633 1557
62712159 1558
62864185 1559
62926445 1560
62963826 1561
62992772 1562
62994935 1563
63017901 1564
63038503 1565
63100762 1566
63157875 1567
63173273 1568
63197574 1569
63329502 1570
63344485 1571
63365372 1572
63442871 1573
63490492 1574
63575583 1575
63602549 1576
63606773 1577
63651143 1578
63721143 1579
63727670 1580
63737922 1581
63750584 1582
63752127 1583
63796740 1584
63798578 1585
63821268 1586
63848133 1587
63850480 1588
63868465 1589
63875572 1590
63919912 1591
63935941 1592
63991511 1593
64022043 1594
64025789 1595
64126221 1596
64161457 1597
64213191 1598
64233660 1599
64236308 1600
64258011 1601
64258435 1602
64265711 1603
64274527 1604
64351403 1605
64373658 1606
64386063 1607
64477150 1608
64492463 1609
64539001 1610
64563315 1611
64595301 1612
64614426 1613
64641238 1614
64653123 1615
64676464 1616
64696889 1617
64709199 1618
64727951 1619
64762521 1620
64782900 1621
64848355 1622
64890536 1623
64942293 1624
64981155 1625
65012624 1626
65026392 1627
65047000 1628
65063204 1629
65064960 1630
65093394 1631
65109679 1632
65147730 1633
65191595 1634
65286413 1635
65385474 1636
65424508 1637
65460340 1638
65533745 1639
65539158 1640
65540402 1641
65543869 1642
65609925 1643
65656735 1644
65708998 1645
65804721 1646
65880150 1647
65883358 1648
65899143 1649
65919290 1650
65933097 1651
65969266 1652
66003339 1653
66020316 1654
66022749 1655
66124293 1656
66187971 1657
66195968 1658
66203117 1659
66213466 1660
66226455 1661
66265012 1662
66430213 1663
66469346 1664
66496429 1665
66509766 1666
66514904 1667
66572723 1668
66697739 1669
66748297 1670
66750520 1671
66761259 1672
66843286 1673
66883337 1674
66908727 1675
66984692 1676
66991121 1677
67033169 1678
67045303 1679
67053920 1680
67057994 1681
67094240 1682
67137059 1683
67152738 1684
67164179 1685
67164279 1686
67209937 1687
67379247 1688
67385514 1689
67406889 1690
67501310 1691
67588566 1692
67672742 1693
67679269 1694
67693445 1695
67746632 1696
67753073 1697
67757938 1698
67840285 1699
67913007 1700
67941423 1701
67960078 1702
67989402 1703
67992995 1704
68048758 1705
68105593 1706
68206912 1707
68251308 1708
68264644 1709
68292396 1710
68329690 1711
68342168 1712
68351856 1713
68358493 1714
68377103 1715
68451973 1716
68467991 1717
68567207 1718
68593455 1719
68623677 1720
68683143 1721
68693333 1722
68723716 1723
68743871 1724
68788984 1725
68798848 1726
68842470 1727
68876299 1728
68948751 1729
69022949 1730
69056099 1731
69077094 1732
69087140 1733
69090824 1734
69114122 1735
69181951 1736
69248850 1737
69275605 1738
69280358 1739
69284765 1740
69293978 1741
69324167 1742
69376673 1743
69396801 1744
69405553 1745
69439248 1746
69476887 1747
69486680 1748
69537106 1749
69543225 1750
69676339 1751
69684043 1752
69826775 1753
69871202 1754
69904084 1755
69910460 1756
69972253 1757
70001971 1758
70023287 1759
70038417 1760
70171898 1761
70188007 1762
70224897 1763
70239142 1764
70245506 1765
70267559 1766
70299971 1767
70390453 1768
70409241 1769
70418516 1770
70460880 1771
70526023 1772
70566392 1773
70577981 1774
70687471 1775
70761604 1776
70797904 1777
70917361 1778
70938714 1779
71015918 1780
71026893 1781
71049583 1782
71113147 1783
71180374 1784
71210463 1785
71212222 1786
71227121 1787
71264319 1788
71274975 1789
71323203 1790
71365186 1791
71383962 1792
71384977 1793
71417876 1794
71471168 1795
71576125 1796
71595713 1797
71639356 1798
71760295 1799
71762820 1800
71766179 1801
71767181 1802
71772747 1803
71819294 1804
71821237 1805
71911539 1806
71927818 1807
72089932 1808
72107304 1809
72132561 1810
72140095 1811
72187643 1812
72215756 1813
72294326 1814
72340403 1815
72400948 1816
72416682 1817
72421623 1818
72472058 1819
72483976 1820
72551965 1821
72714505 1822
72734338 1823
72832575 1824
72848451 1825
72881925 1826
72947633 1827
72949722 1828
73050674 1829
73057038 1830
73079379 1831
73117756 1832
73250680 1833
73252008 1834
73303855 1835
73346714 1836
73394901 1837
73399859 1838
73415529 1839
73499595 1840
73510396 1841
73541351 1842
73588468 1843
73750204 1844
73909799 1845
73952514 1846
73974516 1847
74036585 1848
74062938 1849
74065255 1850
74152607 1851
74163960 1852
74258453 1853
74275867 1854
74292606 1855
74300359 1856
74304087 1857
74358874 1858
74367095 1859
74464693 1860
74496420 1861
74569336 1862
74579832 1863
74592444 1864
74608773 1865
74665197 1866
74699816 1867
74837205 1868
74878039 1869
74898122 1870
74926822 1871
74932964 1872
74965960 1873
74983017 1874
74986054 1875
75058885 1876
75080035 1877
75095653 1878
75098394 1879
75145196 1880
75183645 1881
75208107 1882
75289213 1883
75296604 1884
75450671 1885
75469919 1886
75598871 1887
75612041 1888
75641439 1889
75642396 1890
75688635 1891
75696066 1892
75709661 1893
75792235 1894
75811561 1895
75882501 1896
75902811 1897
75967006 1898
75988313 1899
76052216 1900
76084389 1901
76108217 1902
76118408 1903
76130065 1904
76173636 1905
76188458 1906
76197255 1907
76221171 1908
76245270 1909
76280868 1910
76347349 1911
76357975 1912
76450489 1913
76466586 1914
76587095 1915
76716131 1916
76785159 1917
76790592 1918
76850719 1919
76894735 1920
76947794 1921
76981575 1922
76994094 1923
77004712 1924
77046821 1925
77159969 1926
77172368 1927
77194513 1928
77291693 1929
77294367 1930
77334405 1931
77444650 1932
77490227 1933
77494967 1934
77540798 1935
77580507 1936
77615867 1937
77618209 1938
77648712 1939
77660440 1940
77680755 1941
77754436 1942
77766944 1943
77769730 1944
77784584 1945
77806555 1946
77818068 1947
77843411 1948
77884419 1949
77939421 1950
77946916 1951
77975316 1952
78007285 1953
78020400 1954
78067406 1955
78125096 1956
78152760 1957
78268262 1958
78278105 1959
78299684 1960
78312231 1961
78479986 1962
78549563 1963
78603025 1964
78611479 1965
78612883 1966
78627532 1967
78627761 1968
78654308 1969
78681306 1970
78702731 1971
78844127 1972
78991183 1973
79032200 1974
79095704 1975
79115528 1976
79116112 1977
79134584 1978
79142558 1979
79164954 1980
79257323 1981
79271545 1982
79285285 1983
79295520 1984
79297964 1985
79301352 1986
79335931 1987
79352120 1988
79373317 1989
79400832 1990
79410859 1991
79481260 1992
79482487 1993
79517309 1994
79613727 1995
79678879 1996
79807745 1997
79874944 1998
79881707 1999
79886640 2000
79968940 2001
79971187 2002
79978632 2003
79994701 2004
80047071 2005
80062794 2006
80076866 2007
80174439 2008
80232950 2009
80311532 2010
80426718 2011
80437485 2012
80443649 2013
80513156 2014
80519511 2015
80524704 2016
80536445 2017
80557916 2018
80586887 2019
80654923 2020
80677878 2021
80691405 2022
80694397 2023
80751111 2024
80773057 2025
80806799 2026
80925382 2027
80939012 2028
81026497 2029
81041884 2030
81091210 2031
81216807 2032
81254473 2033
81325075 2034
81390331 2035
81419718 2036
81513164 2037
81525152 2038
81743146 2039
81848472 2040
81855086 2041
81874725 2042
82040091 2043
82051868 2044
82064245 2045
82147152 2046
82237698 2047
82320908 2048
82351977 2049
82368049 2050
82449205 2051
82456601 2052
82476348 2053
82502160 2054
82561357 2055
82616913 2056
82697396 2057
82774890 2058
82809263 2059
82828958 2060
83092717 2061
83153719 2062
83172659 2063
83200777 2064
83218186 2065
83339566 2066
83368334 2067
83402806 2068
83414423 2069
83465588 2070
83538545 2071
83542253 2072
83572300 2073
83625459 2074
83773122 2075
83780602 2076
83814427 2077
83880715 2078
83882032 2079
83895809 2080
83959780 2081
83968451 2082
84076399 2083
84082102 2084
84220688 2085
84226128 2086
84258987 2087
84284447 2088
84285465 2089
84328681 2090
84360403 2091
84371130 2092
84411303 2093
84445777 2094
84544490 2095
84611394 2096
84660398 2097
84747370 2098
84757904 2099
84785878 2100
84788595 2101
84820439 2102
85020867 2103
85085558 2104
85117013 2105
85129520 2106
85198809 2107
85283962 2108
85287270 2109
85301843 2110
85317175 2111
85324216 2112
85331948 2113
85374775 2114
85399060 2115
85440427 2116
85464016 2117
85471405 2118
85485623 2119
85495670 2120
85503479 2121
85541323 2122
85578785 2123
85640553 2124
85673386 2125
85709731 2126
85758675 2127
85766693 2128
85926977 2129
85952226 2130
85995478 2131
86011732 2132
86011993 2133
86043910 2134
86056310 2135
86085560 2136
86113245 2137
86119956 2138
86124260 2139
86151962 2140
86162855 2141
86260400 2142
86310343 2143
86322291 2144
86414921 2145
86466496 2146
86622301 2147
86676110 2148
86704502 2149
86754306 2150
86806908 2151
86850870 2152
86862691 2153
86889185 2154
86909997 2155
86913736 2156
86951788 2157
86980296 2158
87036623 2159
87123769 2160
87129431 2161
87178003 2162
87226069 2163
87235050 2164
87311312 2165
87372545 2166
87425142 2167
87493954 2168
87506334 2169
87506392 2170
87526414 2171
87552810 2172
87613577 2173
87630522 2174
87777337 2175
87833558 2176
87834446 2177
87901161 2178
87984747 2179
88033838 2180
88050160 2181
88062847 2182
88079981 2183
88086871 2184
88239490 2185
88300290 2186
88347489 2187
88419644 2188
88494912 2189
88524278 2190
88635394 2191
88661649 2192
88701693 2193
88709943 2194
88725175 2195
88731092 2196
88789011 2197
88824140 2198
88826560 2199
88843431 2200
88886512 2201
88924119 2202
88973077 2203
88973360 2204
89128402 2205
89335317 2206
89437490 2207
89446818 2208
89469138 2209
89506568 2210
89519863 2211
89525345 2212
89577121 2213
89577528 2214
89582960 2215
89631231 2216
89658861 2217
89998740 2218
90001459 2219
90057000 2220
90123034 2221
90152413 2222
90227327 2223
90309741 2224
90365643 2225
90401331 2226
90476593 2227
90484202 2228
90539786 2229
90575094 2230
90577256 2231
90602764 2232
90609140 2233
90637900 2234
90639217 2235
90673637 2236
90684632 2237
90727658 2238
90736087 2239
90739827 2240
90803679 2241
90842328 2242
90855987 2243
90914564 2244
90938842 2245
90948417 2246
90986046 2247
91025723 2248
91054198 2249
91068193 2250
91094464 2251
91094734 2252
91130349 2253
91144313 2254
91211130 2255
91241975 2256
91244976 2257
91334620 2258
91357282 2259
91372912 2260
91424281 2261
91428164 2262
91460681 2263
91504870 2264
91770501 2265
91800187 2266
91869364 2267
91880358 2268
91896954 2269
91945010 2270
91973067 2271
92016612 2272
92016711 2273
92026135 2274
92036534 2275
92052988 2276
92128831 2277
92132512 2278
92177278 2279
92347731 2280
92366112 2281
92401237 2282
92443625 2283
92448172 2284
92491202 2285
92497064 2286
92528860 2287
92715164 2288
92764113 2289
92880578 2290
92909716 2291
92911041 2292
92955774 2293
93012959 2294
93031353 2295
93073810 2296
93102795 2297
93122256 2298
93122296 2299
93193512 2300
93302605 2301
93304251 2302
93306613 2303
93320600 2304
93341435 2305
93362774 2306
93372511 2307
93403805 2308
93406793 2309
93426167 2310
93435039 2311
93446499 2312
93477233 2313
93489036 2314
93499574 2315
93575115 2316
93664563 2317
93675822 2318
93699099 2319
93717923 2320
93738646 2321
93795186 2322
93796484 2323
93840867 2324
93885684 2325
93888835 2326
93945656 2327
93950044 2328
93958630 2329
94034221 2330
94074610 2331
94151722 2332
94251618 2333
94285765 2334
94462196 2335
94490552 2336
94498639 2337
94502174 2338
94519357 2339
94530690 2340
94535378 2341
94567460 2342
94575939 2343
94642627 2344
94672528 2345
94683708 2346
94693542 2347
94762420 2348
94856725 2349
94900256 2350
94931079 2351
94933048 2352
94963961 2353
94967817 2354
95084352 2355
95153120 2356
95153146 2357
95158639 2358
95173452 2359
95251679 2360
95304354 2361
95309130 2362
95355334 2363
95371114 2364
95406051 2365
95431637 2366
95434379 2367
95441603 2368
95503911 2369
95510821 2370
95565102 2371
95595023 2372
95714893 2373
95765158 2374
95857517 2375
95863226 2376
95912770 2377
95965927 2378
95982844 2379
95988661 2380
96073464 2381
96122810 2382
96215554 2383
96373991 2384
96450910 2385
96468878 2386
96491004 2387
96592054 2388
96603607 2389
96629158 2390
96638604 2391
96644734 2392
96781433 2393
96800197 2394
96807936 2395
96831628 2396
96876706 2397
96878144 2398
96889357 2399
96991201 2400
97097307 2401
97195296 2402
97204702 2403
97211000 2404
97301611 2405
97303502 2406
97380280 2407
97448797 2408
97481493 2409
97520222 2410
97544129 2411
97560874 2412
97617674 2413
97657451 2414
97659854 2415
97681506 2416
97697497 2417
97722914 2418
97749883 2419
97772711 2420
97774306 2421
97802460 2422
97832938 2423
97844644 2424
97893404 2425
97950653 2426
97966673 2427
98007534 2428
98048282 2429
98169171 2430
98176219 2431
98197090 2432
98226721 2433
98227005 2434
98246192 2435
98250439 2436
98286469 2437
98322280 2438
98340217 2439
98342349 2440
98389565 2441
98466616 2442
98505873 2443
98517409 2444
98553747 2445
98578862 2446
98655144 2447
98774084 2448
98783873 2449
98793655 2450
98806625 2451
98825677 2452
98903393 2453
98912021 2454
98972820 2455
99011762 2456
99025626 2457
99041754 2458
99065759 2459
99101698 2460
99122582 2461
99124987 2462
99181220 2463
99248227 2464
99261741 2465
99272456 2466
99283986 2467
99441157 2468
99443322 2469
99443338 2470
99451112 2471
99460837 2472
99487678 2473
99510190 2474
99529326 2475
99559389 2476
99599051 2477
99612701 2478
99667516 2479
99678018 2480
99693290 2481
99737748 2482
99777141 2483
99797712 2484
99802903 2485
99829718 2486
99840806 2487
99849969 2488
99870964 2489
99871911 2490
99885797 2491
99890293 2492
99912320 2493
99922433 2494
99938699 2495
99951544 2496
99971236 2497
99992545 2498
99992677 2499
