2500
46528551 0
27481349 1
86912273 2
48653924 3
77569620 4
96314464 5
87662296 6
14574238 7
34255527 8
21682763 9
40189689 10
52598071 11
11699836 12
19426553 13
76149968 14
93296149 15
20703768 16
35478485 17
93622330 18
5522916 19
34666376 20
31209843 21
94491214 22
29969079 23
18480778 24
5271741 25
21352270 26
89337460 27
22058299 28
81422009 29
40886844 30
82425481 31
15439506 32
76351656 33
22384289 34
13161722 35
32180776 36
69631604 37
91311358 38
61489783 39
83052458 40
94197884 41
23033839 42
23753630 43
94983641 44
63985664 45
66117662 46
48258765 47
43589846 48
88572311 49
86095301 50
64207808 51
86718234 52
61110810 53
87701522 54
85199218 55
29885046 56
56040237 57
23064175 58
59861708 59
49477492 60
74399327 61
99452276 62
24717941 63
49567682 64
73357569 65
15608030 66
84989242 67
50066362 68
94030707 69
94835218 70
11202751 71
98033460 72
47022939 73
82834471 74
72997821 75
67616047 76
82237245 77
34999171 78
29125792 79
96222631 80
55830133 81
12823369 82
33317471 83
58314612 84
34091788 85
33802753 86
37560608 87
61969618 88
76154819 89
82514663 90
87310200 91
89629 92
32547856 93
55177987 94
95514978 95
52480283 96
56704589 97
77084032 98
4083865 99
75941447 100
38313747 101
9726148 102
59563392 103
43524740 104
34988923 105
60802076 106
44883357 107
28471419 108
60733823 109
81725142 110
2485321 111
86802802 112
79845901 113
52079323 114
86668079 115
82240569 116
98576514 117
92389888 118
27185638 119
15134660 120
56475776 121
6576714 122
8495580 123
93502397 124
40945768 125
66371466 126
60110115 127
90440449 128
95556496 129
59456212 130
23755351 131
10578287 132
58340864 133
78449626 134
47879232 135
46110825 136
43574993 137
19301421 138
11655430 139
80462147 140
15186295 141
69788169 142
83768216 143
54215121 144
58674376 145
6168272 146
36331345 147
38084509 148
25889254 149
10511205 150
92358433 151
78388158 152
81118707 153
42428461 154
3480045 155
81876803 156
48597768 157
85267639 158
37681786 159
74447435 160
74799340 161
30569659 162
91221476 163
98741874 164
59227558 165
90270653 166
64061886 167
33301634 168
13632738 169
16492054 170
27500998 171
92398534 172
87761570 173
71992432 174
13273083 175
20174007 176
87359664 177
886456 178
8035062 179
98455936 180
50868509 181
93552530 182
49947476 183
75955057 184
35935482 185
31949845 186
93783529 187
4404542 188
25600067 189
60377701 190
44760507 191
23397962 192
63957288 193
19577049 194
43609220 195
73985669 196
77579329 197
83002891 198
87486290 199
93098844 200
35641626 201
33852020 202
8370695 203
95062985 204
72987080 205
20193420 206
72121646 207
55346842 208
58892808 209
46985460 210
4327151 211
18316824 212
74627137 213
19312010 214
55076745 215
43433221 216
3075792 217
18352245 218
19874570 219
9668293 220
61423944 221
26471574 222
44145132 223
63078007 224
15537887 225
74801182 226
97868317 227
18697275 228
79510754 229
30453635 230
82432293 231
51856363 232
30771171 233
43748752 234
9072615 235
45921918 236
91321790 237
41878685 238
73168250 239
49505639 240
61342937 241
63741468 242
17105758 243
37467480 244
42975177 245
74919291 246
26269194 247
81623108 248
23981466 249
59851048 250
27312149 251
55637455 252
69742706 253
65974162 254
25320435 255
5305745 256
9793601 257
93206548 258
52991897 259
75050705 260
64078267 261
4409257 262
4036961 263
85144439 264
98988012 265
93104789 266
15004918 267
41548028 268
25324782 269
7805606 270
21327908 271
34565791 272
89541039 273
38963186 274
65978077 275
919099 276
7283096 277
49960629 278
76033345 279
74943987 280
33619845 281
4703973 282
98035319 283
62599718 284
25769800 285
20738528 286
21468149 287
82906639 288
14284138 289
32174274 290
20635118 291
53442540 292
67963314 293
87784998 294
57351079 295
40168548 296
61376784 297
99200581 298
65159628 299
4515475 300
33324086 301
11027366 302
15408141 303
12750773 304
21925017 305
16789447 306
91744115 307
12445965 308
64962897 309
95347248 310
69229133 311
74329336 312
4443990 313
11690712 314
2706727 315
99080637 316
8080191 317
98787330 318
61169602 319
72968289 320
21413885 321
33581448 322
95918989 323
2599880 324
19650591 325
43843395 326
13564723 327
43004386 328
38119993 329
32887451 330
9197112 331
41925502 332
24781112 333
54139600 334
4047683 335
45244785 336
18261452 337
20809994 338
98469129 339
84761758 340
12735897 341
45768409 342
89641237 343
66480 344
49010236 345
99961875 346
90217574 347
72394154 348
35375941 349
92277307 350
15868684 351
80483762 352
66006182 353
73524912 354
1530675 355
42479276 356
22477706 357
81408900 358
12127285 359
26802431 360
96931273 361
48320995 362
8734219 363
52386714 364
33314288 365
32386299 366
96925047 367
98033460 368
6117632 369
25488250 370
90371507 371
29261283 372
84825784 373
30979704 374
14133055 375
35467507 376
56742959 377
98524940 378
29174607 379
41595391 380
56416941 381
94739826 382
61521001 383
26391331 384
66691736 385
64394441 386
72964451 387
31421998 388
84378023 389
8226847 390
61250636 391
21169623 392
61396597 393
58585119 394
1628724 395
57229942 396
87187268 397
20791243 398
16540642 399
65713179 400
41848277 401
16135541 402
91010371 403
63021810 404
17975610 405
54295124 406
4185238 407
39549006 408
95064710 409
61759198 410
52611353 411
15877322 412
37843271 413
20488222 414
10084480 415
67672724 416
44685984 417
82262394 418
29815170 419
21388917 420
74152333 421
9953372 422
30573762 423
3597088 424
72011219 425
39172619 426
46950547 427
77765977 428
92702024 429
9621895 430
84029754 431
5508094 432
20591391 433
24145459 434
64418488 435
7603558 436
12597822 437
17016294 438
64463386 439
38508494 440
59643573 441
3745147 442
63197274 443
10722878 444
68330529 445
46363924 446
40458712 447
36919429 448
43184048 449
24858998 450
32453539 451
25934723 452
89045733 453
66785799 454
56189879 455
38826486 456
30928990 457
90060732 458
33878530 459
55426281 460
43993486 461
48332631 462
8505205 463
59380011 464
15297654 465
55219584 466
74401075 467
572853 468
58856676 469
1716421 470
21274881 471
91557096 472
7993355 473
72043317 474
75451458 475
16081652 476
50844117 477
62040042 478
55139428 479
15209627 480
27986881 481
64180516 482
94111935 483
28084327 484
70093289 485
98051389 486
47307588 487
62187798 488
32954951 489
31421718 490
16252285 491
26937737 492
16100876 493
42672217 494
19220439 495
25189295 496
47559776 497
61721073 498
45519226 499
35779193 500
47656298 501
59754406 502
87675845 503
29540585 504
82185417 505
98650283 506
88334933 507
39232716 508
9737191 509
35044320 510
42418346 511
52479447 512
21399727 513
33428176 514
39635550 515
98327665 516
21257353 517
13952183 518
24125648 519
60714895 520
42616258 521
2654157 522
53090577 523
6176053 524
49595098 525
14429611 526
33894484 527
9286545 528
99042177 529
63380347 530
26658892 531
75413848 532
24084748 533
41854318 534
43199063 535
96233610 536
27802105 537
59719803 538
92546049 539
28911083 540
43572474 541
16806371 542
71935007 543
74132254 544
10039179 545
66515481 546
14633522 547
91929071 548
10732701 549
16218227 550
63155752 551
55156259 552
56309025 553
69605194 554
76800965 555
60972190 556
32945700 557
15469470 558
55544589 559
37485148 560
60018151 561
37509331 562
70370658 563
25253703 564
4132905 565
21814910 566
84085540 567
50715581 568
9167245 569
86559329 570
51982208 571
77185978 572
38268944 573
89234798 574
19590403 575
77152389 576
71570845 577
29210661 578
70107488 579
22648891 580
74095476 581
91399005 582
19713440 583
90470548 584
2360481 585
95414547 586
22852468 587
57643149 588
8248156 589
27543075 590
29477646 591
67665475 592
71782864 593
52343232 594
3304362 595
4758683 596
12265827 597
95978547 598
15074015 599
13926374 600
96663568 601
65391018 602
48564273 603
65013400 604
82027714 605
74279644 606
44863546 607
80661176 608
99126484 609
60447636 610
51099867 611
91307267 612
81105637 613
86546122 614
32003964 615
34647020 616
34643278 617
74119181 618
37975020 619
67720313 620
96607656 621
62769763 622
3902434 623
9442928 624
21352773 625
6262522 626
35030344 627
45937237 628
53952845 629
80130384 630
33566878 631
25050071 632
22976818 633
68391709 634
62564035 635
22621514 636
14995091 637
56616761 638
27674489 639
81887348 640
13225485 641
13804928 642
48899433 643
83374105 644
19686655 645
95720327 646
18143665 647
34695013 648
87287225 649
4719287 650
41004851 651
58643136 652
6381810 653
15000054 654
43650711 655
41426743 656
86274484 657
48243053 658
26084428 659
71079546 660
27739492 661
49517100 662
60621091 663
23665780 664
1898995 665
83437956 666
87155461 667
39596869 668
86206172 669
18163373 670
35560573 671
10948311 672
94641409 673
34789552 674
91176383 675
79513667 676
53737339 677
94422275 678
42292369 679
29412939 680
6044063 681
66830186 682
92273784 683
14577897 684
7424559 685
23095662 686
89442123 687
99105752 688
67920143 689
76930135 690
60767039 691
30387321 692
80687849 693
10394263 694
1979503 695
91247042 696
69987183 697
45039713 698
91255656 699
79724256 700
73362302 701
25717783 702
25154871 703
56461543 704
33560377 705
92616944 706
48839217 707
80496872 708
15394989 709
48522742 710
17079323 711
30463215 712
78632012 713
86055831 714
1596431 715
17868817 716
70810133 717
75059621 718
87884246 719
84194683 720
92059784 721
93047281 722
67223248 723
82367914 724
16039102 725
48646880 726
56135170 727
29913811 728
96230431 729
75956774 730
66399022 731
72634763 732
62062884 733
42337632 734
63801991 735
66670774 736
49904092 737
59494268 738
16455022 739
99808332 740
10549057 741
37901704 742
82844166 743
21979446 744
36576463 745
98237076 746
10582554 747
39326141 748
4246576 749
92396843 750
60923507 751
39798825 752
57636760 753
95077330 754
579347 755
74237868 756
2714420 757
56522110 758
87013931 759
49273416 760
68849761 761
50108830 762
47794332 763
6657367 764
61514477 765
93693519 766
44852429 767
94243918 768
30785459 769
48867736 770
62031293 771
19341845 772
64924999 773
52387124 774
94779996 775
42690493 776
31507025 777
10195336 778
16441879 779
80913038 780
65409425 781
32085627 782
94625278 783
87130296 784
83025450 785
25782531 786
54420783 787
27581963 788
68698206 789
4068866 790
37702982 791
64745726 792
58025360 793
11140478 794
52139356 795
14533330 796
21595168 797
53055390 798
21703866 799
18547399 800
36385080 801
11584216 802
119351 803
37569903 804
90330009 805
58055015 806
44035677 807
52772793 808
30712546 809
26061635 810
7856487 811
87973117 812
52207444 813
41670653 814
34962325 815
57534708 816
90573924 817
79191470 818
10914854 819
81089383 820
20711317 821
86287310 822
86853508 823
36842292 824
79997049 825
47631784 826
90261584 827
78434212 828
58331495 829
2599071 830
6630433 831
7208634 832
21010074 833
69020560 834
47978924 835
26005179 836
11603296 837
36671385 838
46691420 839
78946945 840
29477644 841
37386559 842
5412212 843
20544342 844
5863952 845
76135280 846
34962804 847
38170320 848
51671574 849
53302484 850
43570148 851
23907527 852
88537234 853
1214173 854
58874954 855
98132996 856
5119246 857
99988799 858
42659624 859
97269129 860
50099717 861
95074888 862
71289074 863
72577302 864
99804024 865
37908873 866
24808664 867
6865973 868
88982642 869
44670303 870
64216002 871
18242873 872
97798446 873
61542332 874
35075190 875
81901715 876
41035370 877
10325389 878
36913696 879
33630250 880
57125163 881
91436248 882
97120779 883
56973144 884
56341601 885
28344497 886
42460885 887
37352192 888
36532836 889
90148412 890
49049786 891
51791488 892
10070872 893
42678426 894
61056792 895
49190457 896
62089513 897
5063849 898
84827441 899
98266997 900
33180170 901
80906708 902
98509877 903
27143780 904
66007969 905
71069892 906
6160446 907
88464960 908
61843239 909
85223987 910
68390514 911
80537805 912
69753403 913
25122182 914
16284468 915
65868009 916
81003837 917
38590084 918
68917653 919
77253743 920
80421592 921
85722533 922
37432889 923
39016911 924
27630706 925
10730044 926
56357001 927
339603 928
48814532 929
30283580 930
32103569 931
68205162 932
59351051 933
24380640 934
39426459 935
30612600 936
59581466 937
23963750 938
56187746 939
78554439 940
24643092 941
39432436 942
8832114 943
869598 944
85920662 945
87123042 946
81683146 947
72575144 948
92557991 949
4653961 950
87391937 951
27839840 952
31480951 953
95494953 954
20399172 955
94500569 956
51663227 957
71678766 958
99176550 959
35919864 960
69438152 961
66306091 962
39160618 963
35677311 964
38690433 965
18112540 966
83704895 967
4004008 968
74165148 969
54254520 970
11852606 971
82209341 972
81143109 973
70489947 974
20981525 975
61834808 976
5228292 977
29018860 978
96706660 979
31325753 980
6689198 981
91963637 982
4989209 983
56521865 984
20010380 985
47491643 986
69872403 987
68328496 988
31423187 989
67202293 990
21886488 991
80879335 992
31038631 993
54101183 994
75819851 995
26142009 996
51478395 997
67411708 998
42300144 999
21895120 1000
43976733 1001
19692940 1002
3732908 1003
93613932 1004
51186472 1005
14837174 1006
33087113 1007
57999727 1008
48729645 1009
52228629 1010
43449057 1011
43443792 1012
3364053 1013
31861181 1014
28392020 1015
5064196 1016
37453741 1017
40910446 1018
63964400 1019
9793030 1020
57307632 1021
69366251 1022
7268663 1023
82192140 1024
96032125 1025
75378371 1026
99966859 1027
70840188 1028
30504859 1029
88470097 1030
83628581 1031
31514705 1032
40981350 1033
51759970 1034
73174062 1035
77872225 1036
48557318 1037
71549515 1038
33004590 1039
61115710 1040
34195011 1041
53748987 1042
84770893 1043
17175353 1044
49415334 1045
22010400 1046
27994460 1047
78272983 1048
58819238 1049
74682419 1050
35699348 1051
58662072 1052
50728568 1053
14500119 1054
12087843 1055
10008377 1056
66028754 1057
79036538 1058
65361943 1059
68105477 1060
92237070 1061
94534110 1062
40804024 1063
68726142 1064
4233941 1065
15370222 1066
28282280 1067
1073837 1068
27644844 1069
93367234 1070
47006212 1071
7781134 1072
42250586 1073
26109003 1074
18627295 1075
19546152 1076
6172322 1077
82420918 1078
68533806 1079
83545440 1080
40914891 1081
33049330 1082
12092671 1083
76462005 1084
71592948 1085
15898581 1086
18476943 1087
84591764 1088
54632149 1089
78219576 1090
77004460 1091
58432040 1092
19835782 1093
24148756 1094
79402373 1095
6312242 1096
14056336 1097
44926210 1098
26296009 1099
84895545 1100
43754526 1101
22371034 1102
33886475 1103
43955010 1104
67317560 1105
76805785 1106
14019065 1107
81877302 1108
54910659 1109
26188835 1110
30179845 1111
94363765 1112
82826917 1113
98665427 1114
7124159 1115
97294532 1116
46697806 1117
51168598 1118
24601200 1119
15371378 1120
27059156 1121
70279289 1122
54653398 1123
61266604 1124
51232377 1125
77920586 1126
83507648 1127
76302871 1128
48545125 1129
30972663 1130
77042872 1131
60727797 1132
85336505 1133
37278367 1134
74023857 1135
11804421 1136
42126882 1137
60578024 1138
21251692 1139
19242874 1140
19122993 1141
77378626 1142
41227968 1143
13531688 1144
2643674 1145
46067624 1146
64317908 1147
41299556 1148
92030837 1149
78323152 1150
28022270 1151
90815607 1152
50808190 1153
6936078 1154
10878101 1155
6309415 1156
75537736 1157
12841017 1158
85880215 1159
32491654 1160
86650823 1161
25814345 1162
4813 1163
3779760 1164
31535951 1165
31920894 1166
92882263 1167
95137471 1168
89845947 1169
36437349 1170
52892277 1171
8978336 1172
93713545 1173
70105422 1174
79104438 1175
3780582 1176
94341594 1177
20032451 1178
92669337 1179
95909066 1180
36849891 1181
3092077 1182
66573932 1183
65619555 1184
8290301 1185
95018949 1186
40112176 1187
44547249 1188
60690453 1189
59613797 1190
9717882 1191
45254462 1192
68590975 1193
17555622 1194
97084990 1195
22706611 1196
85884746 1197
27461966 1198
51030510 1199
46180961 1200
60269065 1201
56347084 1202
39526235 1203
36820595 1204
11620489 1205
78497080 1206
24551699 1207
42670419 1208
17219499 1209
58249190 1210
15898047 1211
1772012 1212
45162318 1213
27867495 1214
42103606 1215
99597924 1216
1395675 1217
14970721 1218
69801628 1219
95760939 1220
63663490 1221
55349823 1222
5151773 1223
32054809 1224
70869562 1225
25438834 1226
83372659 1227
19816097 1228
56650891 1229
22528232 1230
15791635 1231
50435598 1232
2081011 1233
89453008 1234
92813566 1235
19814316 1236
13938280 1237
86370820 1238
19251736 1239
43743065 1240
70692334 1241
97693425 1242
2810321 1243
22852414 1244
4885431 1245
92853592 1246
29049504 1247
89303618 1248
96427427 1249
1822178 1250
23207270 1251
89421646 1252
63967115 1253
85409729 1254
62927575 1255
22854534 1256
42197230 1257
62482326 1258
40971178 1259
57883564 1260
72495893 1261
75172871 1262
96062286 1263
9610800 1264
8613266 1265
13726640 1266
70734759 1267
83531600 1268
32280723 1269
34504590 1270
96960414 1271
9281272 1272
15230790 1273
69349833 1274
47661189 1275
75721109 1276
56021816 1277
90589097 1278
12875647 1279
35536088 1280
95318758 1281
37179340 1282
79846835 1283
85811697 1284
53380365 1285
79880061 1286
21409334 1287
53813701 1288
83478884 1289
88577206 1290
55039623 1291
4017729 1292
55765367 1293
13084455 1294
32298650 1295
80591591 1296
48097981 1297
29822489 1298
64182066 1299
39679091 1300
14634268 1301
43416323 1302
26039941 1303
67932228 1304
27765313 1305
90670816 1306
39164470 1307
18442005 1308
2879925 1309
20375064 1310
88401610 1311
81078851 1312
60599862 1313
34796661 1314
79445095 1315
35238211 1316
68270542 1317
34728119 1318
72307873 1319
74210527 1320
57493076 1321
65312774 1322
34260011 1323
32020069 1324
38295904 1325
20684548 1326
75082087 1327
66152719 1328
44562652 1329
69904682 1330
83954873 1331
9365697 1332
36519870 1333
27742854 1334
63551771 1335
52637378 1336
10514004 1337
39265434 1338
58168220 1339
49483209 1340
76489392 1341
55286261 1342
83774057 1343
49315911 1344
63626194 1345
60191044 1346
15337479 1347
68332657 1348
84350884 1349
83470592 1350
66785018 1351
29228798 1352
37002419 1353
50561527 1354
15391095 1355
31600065 1356
28008133 1357
55909476 1358
87932352 1359
76006080 1360
70644507 1361
11129385 1362
87001975 1363
12689180 1364
74172346 1365
91012163 1366
76959524 1367
57525548 1368
16220051 1369
91957458 1370
20564865 1371
49645405 1372
53675985 1373
48896015 1374
6019891 1375
36764996 1376
37695720 1377
98125063 1378
80432953 1379
35978628 1380
65762104 1381
31632240 1382
84986710 1383
95998982 1384
73750295 1385
83844565 1386
14045228 1387
95229195 1388
26526766 1389
57554799 1390
7100293 1391
92025470 1392
44890369 1393
40925595 1394
26530480 1395
45707915 1396
20731161 1397
87686770 1398
61825805 1399
37269103 1400
82200482 1401
60534379 1402
70915319 1403
64343443 1404
34327383 1405
60930606 1406
66163892 1407
27765038 1408
27470103 1409
31807142 1410
6773608 1411
76667339 1412
14634323 1413
69151303 1414
3327142 1415
38088960 1416
28544721 1417
27055698 1418
84822668 1419
88758738 1420
13259237 1421
73972086 1422
8741253 1423
39514477 1424
24887508 1425
17729494 1426
5973613 1427
54173008 1428
4894657 1429
89013264 1430
22020216 1431
88268213 1432
55383496 1433
87121940 1434
71614245 1435
53619509 1436
29749429 1437
30439024 1438
86771835 1439
59802118 1440
57732826 1441
3584867 1442
50874219 1443
56428388 1444
26160343 1445
58383427 1446
95739757 1447
65708329 1448
5587914 1449
35163203 1450
96974746 1451
31907172 1452
91012612 1453
75144565 1454
81975064 1455
15741921 1456
21961078 1457
47293821 1458
60328158 1459
3844901 1460
91517846 1461
94940716 1462
45655754 1463
62746631 1464
4511566 1465
30826114 1466
25053584 1467
9961280 1468
91212778 1469
6809499 1470
36966601 1471
49391903 1472
25197659 1473
99239001 1474
58713168 1475
69758383 1476
22007521 1477
8656354 1478
64773559 1479
75855757 1480
60056787 1481
42706514 1482
59304403 1483
31608730 1484
66378592 1485
24288388 1486
93513111 1487
72319610 1488
48357448 1489
83764441 1490
25020772 1491
47256274 1492
62708852 1493
7163548 1494
5757916 1495
28745895 1496
12159804 1497
45666418 1498
96716114 1499
54022438 1500
25391977 1501
57596702 1502
30033160 1503
30841825 1504
64019922 1505
1333403 1506
18076324 1507
59996197 1508
58436356 1509
44916378 1510
58137970 1511
64385346 1512
31481351 1513
69881105 1514
11846993 1515
61165186 1516
29373347 1517
54697218 1518
21184987 1519
71635398 1520
31387291 1521
43890870 1522
28167352 1523
68950399 1524
61303175 1525
46596857 1526
68299146 1527
34581346 1528
10789805 1529
20253545 1530
43788749 1531
99574366 1532
69459464 1533
81572565 1534
94121474 1535
1730150 1536
75569044 1537
64333987 1538
51868030 1539
2874291 1540
85404819 1541
95009165 1542
43365490 1543
8314320 1544
38294548 1545
52610746 1546
54994022 1547
31219003 1548
33204843 1549
35560169 1550
38565208 1551
60306582 1552
28816528 1553
36658490 1554
48861826 1555
2679584 1556
68269803 1557
40647626 1558
82400556 1559
33021361 1560
93289805 1561
74862163 1562
78622207 1563
22998895 1564
80162725 1565
72022665 1566
14621183 1567
89307572 1568
35925435 1569
75503617 1570
11929555 1571
18725102 1572
80876120 1573
66296185 1574
57495151 1575
70929747 1576
34086000 1577
37110731 1578
89244358 1579
41557329 1580
48184676 1581
12386224 1582
98866119 1583
1216154 1584
88235988 1585
78513760 1586
3503190 1587
88134690 1588
27229005 1589
47718726 1590
19192521 1591
54704143 1592
51721420 1593
50334791 1594
50246870 1595
11780768 1596
9777876 1597
34677539 1598
97515637 1599
26815037 1600
68530812 1601
55918576 1602
19583254 1603
76350416 1604
91979085 1605
62578693 1606
55257417 1607
19369538 1608
47797535 1609
47333933 1610
44406628 1611
35418687 1612
50475100 1613
74316808 1614
61376449 1615
37596847 1616
82808278 1617
12570526 1618
73721533 1619
74200597 1620
38055121 1621
84453713 1622
31982576 1623
29459650 1624
41159704 1625
27882687 1626
34459126 1627
90213245 1628
21055712 1629
74658185 1630
4747064 1631
87090127 1632
30489561 1633
93979618 1634
47523129 1635
49471458 1636
84020076 1637
51405780 1638
56327490 1639
58633779 1640
51753519 1641
25358143 1642
90501474 1643
13203299 1644
5358349 1645
41915360 1646
85708102 1647
50952099 1648
73352217 1649
11254345 1650
72922216 1651
2284811 1652
13721570 1653
53471501 1654
9574256 1655
3444218 1656
51561483 1657
57585734 1658
32147511 1659
52608776 1660
58622948 1661
91169054 1662
52508932 1663
57208359 1664
25816811 1665
70928633 1666
30833168 1667
34562529 1668
88828765 1669
126422 1670
6052481 1671
69635850 1672
95758042 1673
83419767 1674
63376971 1675
87942550 1676
8232773 1677
47789848 1678
72153325 1679
73381640 1680
41563069 1681
11173157 1682
1754094 1683
31048684 1684
90899795 1685
26948176 1686
74728830 1687
4620131 1688
45119524 1689
25143244 1690
97320631 1691
85072724 1692
20580485 1693
67621013 1694
79390469 1695
12265125 1696
33319472 1697
63445070 1698
51947372 1699
64386740 1700
99934727 1701
76913245 1702
14327522 1703
98411600 1704
79263354 1705
40028182 1706
72029426 1707
12542692 1708
33280692 1709
79995268 1710
65411555 1711
26037299 1712
42691755 1713
76348903 1714
20075477 1715
94190213 1716
17264229 1717
17961729 1718
26693337 1719
56104623 1720
39693361 1721
44841085 1722
1022195 1723
99460026 1724
58373919 1725
48760857 1726
3531981 1727
38080152 1728
65628714 1729
31241592 1730
28136054 1731
29532440 1732
54493198 1733
9104042 1734
65025637 1735
88194768 1736
95812921 1737
68748697 1738
48604801 1739
9373474 1740
31662223 1741
55281776 1742
71222973 1743
78629969 1744
37316928 1745
24700559 1746
23493643 1747
17452991 1748
80206518 1749
87335657 1750
1274818 1751
95791101 1752
24837459 1753
47791363 1754
60624006 1755
95899580 1756
98197938 1757
60653423 1758
59162781 1759
28815978 1760
42385337 1761
87836190 1762
30210912 1763
8264387 1764
61984556 1765
67708906 1766
93016485 1767
98968816 1768
97323529 1769
77577480 1770
80653321 1771
13313610 1772
23172077 1773
48835085 1774
57824739 1775
94342944 1776
52668884 1777
50480112 1778
78216021 1779
57958520 1780
32868307 1781
7060250 1782
51792842 1783
41678076 1784
20060051 1785
86577729 1786
79654964 1787
77622127 1788
97902032 1789
87970801 1790
64747417 1791
11220500 1792
43888315 1793
23228309 1794
25493887 1795
28242915 1796
54129605 1797
17990809 1798
60865386 1799
73683894 1800
63913350 1801
65807751 1802
91656039 1803
88686412 1804
45732052 1805
32719962 1806
49058224 1807
13029776 1808
58713396 1809
95358827 1810
780977 1811
54889762 1812
54115665 1813
75820680 1814
34100837 1815
47453332 1816
46263228 1817
57388459 1818
92170777 1819
9881478 1820
48050510 1821
12657635 1822
24891554 1823
33928858 1824
77785462 1825
17500419 1826
38435985 1827
57124963 1828
82594739 1829
11524713 1830
973276 1831
40897026 1832
37028373 1833
4422565 1834
44376551 1835
82988849 1836
33220667 1837
81625102 1838
91575530 1839
90283594 1840
30199526 1841
16578837 1842
87015951 1843
58290644 1844
87747985 1845
6988326 1846
48890790 1847
27314261 1848
66472518 1849
37173928 1850
33586435 1851
87149372 1852
24193625 1853
48841115 1854
54622186 1855
54600474 1856
8442181 1857
49566089 1858
12371493 1859
76368114 1860
46407806 1861
63955149 1862
39453523 1863
41352081 1864
98608472 1865
11181629 1866
87923581 1867
96502085 1868
71668645 1869
66453928 1870
69197374 1871
6664455 1872
5046611 1873
75449375 1874
32139234 1875
71715736 1876
90246687 1877
3340397 1878
25470924 1879
15786866 1880
59385192 1881
94189125 1882
12616602 1883
85605759 1884
41780658 1885
98910554 1886
73109367 1887
15319765 1888
11724708 1889
81925311 1890
74092782 1891
20210923 1892
49737836 1893
55132038 1894
53305088 1895
72473736 1896
25559485 1897
1346664 1898
34374173 1899
97982777 1900
77356969 1901
58261900 1902
4057752 1903
85442852 1904
15632747 1905
78059922 1906
38641452 1907
3200602 1908
36645380 1909
52913134 1910
57167107 1911
58868236 1912
12537081 1913
31176445 1914
77661701 1915
53665961 1916
73832143 1917
68245379 1918
80295337 1919
13850217 1920
4843534 1921
37516355 1922
86917782 1923
77472786 1924
74333622 1925
45192849 1926
43388925 1927
78890170 1928
75252300 1929
54780886 1930
23275336 1931
75745490 1932
99208557 1933
97896913 1934
9665092 1935
97649907 1936
67990152 1937
94209669 1938
9259445 1939
54821794 1940
76084296 1941
38589884 1942
90893051 1943
74312865 1944
29786714 1945
52325378 1946
93657544 1947
44727033 1948
47735253 1949
46704611 1950
97371931 1951
77837922 1952
62386108 1953
92158139 1954
10294259 1955
56208066 1956
12847907 1957
8035008 1958
58422784 1959
35782624 1960
18393702 1961
2411546 1962
41634181 1963
49127497 1964
2661460 1965
7809754 1966
80580349 1967
14400369 1968
32216689 1969
21364892 1970
57375455 1971
17925616 1972
14466663 1973
39148056 1974
81258983 1975
7604683 1976
71527611 1977
66882520 1978
50349 1979
44592354 1980
10178694 1981
56843013 1982
32617098 1983
15950580 1984
84253134 1985
67313239 1986
48630129 1987
9376060 1988
58180947 1989
5007449 1990
54647679 1991
72938531 1992
40936823 1993
25724676 1994
60114609 1995
10068984 1996
33057684 1997
26122249 1998
73554969 1999
63115584 2000
46778474 2001
32198765 2002
7596130 2003
84940502 2004
20802196 2005
15638129 2006
55568780 2007
32819899 2008
27313471 2009
44453261 2010
26461875 2011
22337281 2012
3065834 2013
56174194 2014
90035909 2015
16098247 2016
80264920 2017
61590655 2018
94283421 2019
98459652 2020
37287809 2021
52466556 2022
38805963 2023
88471690 2024
67271841 2025
25540640 2026
58669618 2027
20443581 2028
22739268 2029
12768739 2030
96140786 2031
80848655 2032
31724766 2033
12525613 2034
77718812 2035
68545269 2036
56497283 2037
77299729 2038
71582263 2039
64697407 2040
83006406 2041
56771804 2042
73173985 2043
2740687 2044
8434475 2045
69586805 2046
37117410 2047
201801 2048
24223990 2049
30764358 2050
30425512 2051
84639093 2052
32606777 2053
69807312 2054
51174612 2055
54934627 2056
6192554 2057
6262398 2058
31834319 2059
19231147 2060
63457808 2061
64923452 2062
59827816 2063
45961668 2064
96306078 2065
68917912 2066
53233868 2067
30098831 2068
65508699 2069
14023679 2070
29599889 2071
8931241 2072
74287961 2073
28563031 2074
54196818 2075
66199741 2076
96845985 2077
66706462 2078
95237663 2079
30049416 2080
85056584 2081
10042188 2082
72676283 2083
41534983 2084
15640974 2085
14914328 2086
22895582 2087
62428701 2088
91244136 2089
40128466 2090
85802233 2091
38572285 2092
45746769 2093
10052037 2094
56101286 2095
97949809 2096
29861385 2097
54692286 2098
22778451 2099
3438872 2100
65430500 2101
53004579 2102
89771876 2103
3024482 2104
33696024 2105
59398455 2106
22469534 2107
85201675 2108
7894242 2109
51208757 2110
32789018 2111
54212014 2112
52010794 2113
96315145 2114
36361167 2115
82448975 2116
27657029 2117
16507559 2118
28844283 2119
20345384 2120
23997891 2121
80398149 2122
911611 2123
27581068 2124
92007649 2125
23924510 2126
84613940 2127
22931600 2128
12684245 2129
91319080 2130
70109033 2131
1107856 2132
34459286 2133
65844848 2134
32453784 2135
54724729 2136
71668903 2137
53296468 2138
18953661 2139
45253732 2140
36039119 2141
5316042 2142
60599641 2143
58123408 2144
35143506 2145
5569952 2146
40121027 2147
49428334 2148
46703402 2149
82974749 2150
85439021 2151
90850815 2152
84639317 2153
82981520 2154
92707828 2155
94698982 2156
13974709 2157
63092535 2158
62246568 2159
61444548 2160
43806700 2161
26384876 2162
53654962 2163
61284145 2164
86845190 2165
24262974 2166
47498688 2167
19174132 2168
33007487 2169
67874825 2170
36907104 2171
6786078 2172
86847775 2173
86108561 2174
83638748 2175
15578879 2176
21548526 2177
36432304 2178
48342499 2179
32329615 2180
43618173 2181
66443093 2182
99641406 2183
10474365 2184
17755854 2185
50076107 2186
16749784 2187
48740457 2188
91388436 2189
603417 2190
45828492 2191
66163895 2192
54908342 2193
77450530 2194
91424700 2195
1452912 2196
78352534 2197
11033102 2198
58247761 2199
96431033 2200
78726701 2201
70709983 2202
93289469 2203
41922350 2204
65721234 2205
12904664 2206
77119070 2207
82393158 2208
51719442 2209
51901762 2210
79291850 2211
79587566 2212
43582030 2213
86161140 2214
98680364 2215
82382123 2216
31034918 2217
80899850 2218
79718729 2219
93948106 2220
51370163 2221
80760110 2222
82634015 2223
3461308 2224
93224673 2225
99269848 2226
91313073 2227
87600632 2228
58127383 2229
51047022 2230
44154084 2231
98326690 2232
73263695 2233
79030255 2234
21644083 2235
61020529 2236
97648506 2237
46160409 2238
70680827 2239
50755512 2240
9117570 2241
86733548 2242
13686713 2243
67114629 2244
9987381 2245
58901089 2246
49793205 2247
70343969 2248
43106890 2249
95289569 2250
68149736 2251
32008435 2252
69414740 2253
56588304 2254
37230896 2255
58067096 2256
66435913 2257
32034184 2258
87272780 2259
75866503 2260
54195346 2261
91476156 2262
48436232 2263
92395935 2264
16401088 2265
85514204 2266
12810535 2267
97048475 2268
76299117 2269
28172738 2270
76853619 2271
14431259 2272
342031 2273
88451107 2274
79789781 2275
37711342 2276
69635246 2277
81979677 2278
3505361 2279
31743589 2280
85615564 2281
4774540 2282
70431658 2283
52711514 2284
25860701 2285
95855903 2286
11684441 2287
16578091 2288
86359724 2289
21946693 2290
10634871 2291
90032075 2292
67965130 2293
45298354 2294
47712137 2295
83769636 2296
78559040 2297
48260217 2298
1384151 2299
36551855 2300
13746731 2301
62366262 2302
58163593 2303
53996210 2304
64783275 2305
91886379 2306
5226370 2307
37143996 2308
34166149 2309
93326704 2310
76609454 2311
10757935 2312
16550331 2313
15311877 2314
17911540 2315
22702767 2316
79530058 2317
83259380 2318
99569203 2319
92586084 2320
77212923 2321
87511124 2322
38967737 2323
91173373 2324
56441757 2325
69948018 2326
2932713 2327
15500385 2328
90998083 2329
95758696 2330
24489911 2331
4341798 2332
47772393 2333
95025817 2334
29139313 2335
2706819 2336
11170297 2337
10553330 2338
54204726 2339
67780504 2340
55515053 2341
51450823 2342
93959695 2343
74686779 2344
90238148 2345
74097207 2346
11528425 2347
72061121 2348
67030721 2349
26374658 2350
44065435 2351
62140274 2352
51074240 2353
14472313 2354
83900535 2355
3853389 2356
28193765 2357
15474787 2358
97719375 2359
23507605 2360
66174033 2361
27222847 2362
86424069 2363
99116292 2364
76110081 2365
55977123 2366
76418978 2367
95821409 2368
85059672 2369
38758034 2370
50527393 2371
63125448 2372
2584785 2373
87250145 2374
98613355 2375
61355075 2376
71642960 2377
60002757 2378
86278515 2379
52022475 2380
67873005 2381
5131920 2382
81957839 2383
81272877 2384
8861861 2385
14360168 2386
8599078 2387
99806983 2388
16767152 2389
72033 2390
70714873 2391
74675737 2392
25460767 2393
87958754 2394
90413503 2395
42042559 2396
78021933 2397
60622934 2398
91368304 2399
32085667 2400
49238224 2401
86606782 2402
31386734 2403
16438872 2404
5819827 2405
44228142 2406
42109304 2407
23087854 2408
86565604 2409
38612349 2410
98005408 2411
59632616 2412
29208104 2413
78236560 2414
98659698 2415
57681863 2416
96792634 2417
99869541 2418
43909332 2419
29376111 2420
84984855 2421
54921760 2422
86674097 2423
90659330 2424
29738982 2425
85976211 2426
11264759 2427
57673598 2428
17546845 2429
31690153 2430
42931731 2431
25057264 2432
21081681 2433
55819156 2434
88803990 2435
84576228 2436
61903141 2437
9917795 2438
55134259 2439
48195493 2440
8749283 2441
53975462 2442
28263891 2443
50215374 2444
77500934 2445
42364213 2446
6885083 2447
30534228 2448
37532847 2449
52252922 2450
44916663 2451
18609462 2452
46632117 2453
66261126 2454
51206416 2455
78599244 2456
78675171 2457
34949547 2458
63073932 2459
39001996 2460
16814131 2461
79664861 2462
17206966 2463
36788686 2464
4741505 2465
70688717 2466
1657179 2467
60630134 2468
61934169 2469
88094575 2470
78011016 2471
46821254 2472
2564029 2473
52169787 2474
80660999 2475
71704357 2476
49073604 2477
75325814 2478
20990855 2479
12122815 2480
91312863 2481
48162186 2482
14620599 2483
54745827 2484
81529689 2485
17483678 2486
42946815 2487
50625184 2488
45760698 2489
97374253 2490
33753553 2491
98033460 2492
40760227 2493
80751185 2494
27838073 2495
97003372 2496
4769207 2497
25766438 2498
895550 2499
