5000
166337 0
311917 1
338676 2
339435 3
354907 4
367227 5
378789 6
381508 7
392890 8
400270 9
455041 10
464785 11
516524 12
517441 13
538535 14
539729 15
633087 16
644360 17
645420 18
652329 19
714973 20
746435 21
808623 22
844414 23
853502 24
857494 25
880813 26
887983 27
917358 28
936314 29
943725 30
979464 31
984706 32
1028191 33
1053020 34
1059351 35
1065958 36
1072940 37
1074278 38
1097199 39
1103942 40
1133399 41
1144926 42
1163249 43
1222264 44
1239912 45
1251775 46
1270359 47
1295143 48
1296737 49
1307935 50
1308761 51
1338117 52
1353302 53
1359319 54
1381338 55
1420917 56
1426437 57
1428244 58
1432313 59
1467415 60
1475777 61
1485527 62
1518222 63
1549642 64
1552551 65
1554131 66
1575552 67
1578381 68
1580973 69
1588165 70
1620412 71
1628810 72
1679264 73
1711947 74
1719982 75
1736998 76
1760848 77
1827687 78
1849483 79
1896206 80
1897395 81
1943812 82
1952756 83
1957712 84
1964660 85
1974572 86
1980341 87
2001405 88
2001797 89
2007755 90
2008440 91
2008541 92
2009331 93
2031454 94
2031546 95
2053646 96
2094760 97
2103025 98
2159443 99
2162254 100
2193552 101
2209986 102
2214912 103
2245012 104
2263444 105
2336387 106
2338830 107
2367008 108
2399444 109
2402330 110
2437966 111
2455911 112
2458509 113
2475178 114
2475409 115
2492088 116
2527521 117
2529164 118
2549892 119
2554069 120
2586476 121
2592083 122
2603052 123
2615793 124
2655207 125
2672227 126
2680354 127
2734151 128
2742384 129
2789526 130
2829647 131
2847717 132
2851708 133
2858955 134
2875141 135
2884566 136
2908088 137
2949129 138
2968057 139
2976703 140
2986737 141
3004792 142
3008581 143
3054238 144
3063219 145
3109828 146
3115028 147
3126789 148
3130464 149
3151416 150
3209413 151
3221033 152
3243964 153
3292666 154
3329130 155
3334109 156
3338816 157
3346048 158
3360370 159
3363889 160
3375610 161
3375802 162
3401671 163
3402414 164
3431116 165
3439150 166
3473773 167
3512334 168
3524878 169
3537199 170
3551792 171
3557217 172
3565408 173
3566119 174
3579999 175
3614604 176
3622484 177
3638002 178
3647867 179
3673659 180
3691050 181
3696088 182
3708976 183
3709551 184
3716813 185
3717880 186
3725729 187
3735280 188
3752744 189
3813332 190
3822206 191
3839691 192
3851904 193
3908414 194
3908769 195
3984870 196
4008198 197
4013076 198
4024030 199
4038833 200
4059155 201
4076160 202
4078899 203
4095399 204
4119489 205
4128088 206
4236271 207
4240872 208
4248314 209
4266547 210
4297614 211
4299575 212
4312271 213
4328112 214
4381291 215
4389426 216
4448312 217
4467632 218
4512022 219
4542272 220
4569751 221
4570029 222
4576712 223
4579872 224
4623313 225
4627462 226
4631136 227
4657191 228
4661113 229
4664448 230
4666510 231
4685141 232
4687477 233
4701258 234
4732559 235
4747641 236
4761049 237
4791137 238
4811165 239
4824633 240
4866607 241
4927871 242
4960615 243
4977309 244
4983931 245
4992956 246
5000302 247
5001641 248
5001648 249
5046730 250
5137030 251
5138823 252
5141432 253
5151156 254
5158931 255
5160228 256
5182425 257
5195453 258
5231294 259
5232473 260
5278205 261
5304067 262
5341683 263
5357223 264
5358379 265
5379152 266
5393935 267
5418452 268
5428770 269
5462230 270
5467337 271
5476846 272
5506066 273
5514999 274
5523409 275
5584533 276
5624232 277
5648707 278
5664238 279
5675575 280
5681062 281
5681813 282
5693292 283
5697021 284
5727496 285
5757811 286
5826438 287
5855655 288
5864776 289
5869160 290
5897000 291
5945682 292
5968756 293
6001290 294
6062391 295
6089799 296
6094905 297
6098520 298
6120365 299
6142004 300
6159805 301
6193480 302
6216686 303
6228722 304
6228841 305
6232117 306
6233127 307
6248712 308
6304365 309
6328168 310
6343212 311
6404997 312
6425154 313
6453277 314
6456191 315
6473601 316
6523810 317
6529076 318
6535619 319
6613788 320
6618349 321
6649208 322
6657094 323
6662154 324
6671706 325
6683441 326
6708484 327
6766711 328
6768771 329
6773327 330
6797352 331
6832283 332
6846908 333
6864538 334
6934905 335
7006140 336
7110104 337
7126125 338
7154606 339
7156819 340
7252721 341
7267660 342
7269015 343
7323937 344
7331814 345
7486377 346
7505742 347
7520342 348
7522898 349
7525798 350
7528754 351
7535695 352
7552192 353
7631461 354
7650591 355
7720792 356
7840276 357
7841571 358
7875016 359
7880000 360
7883872 361
7887603 362
7909588 363
7912369 364
7928112 365
7964900 366
7965339 367
7966699 368
7966827 369
7971691 370
8005182 371
8013954 372
8018941 373
8020572 374
8065290 375
8077524 376
8104108 377
8148196 378
8176402 379
8199649 380
8208313 381
8213059 382
8240953 383
8244872 384
8252636 385
8260977 386
8264626 387
8264916 388
8275318 389
8324889 390
8335819 391
8401362 392
8433320 393
8437518 394
8458809 395
8515033 396
8515528 397
8524322 398
8525581 399
8528077 400
8533527 401
8550236 402
8558771 403
8573632 404
8583247 405
8587993 406
8592581 407
8620927 408
8621027 409
8636674 410
8637394 411
8664585 412
8665376 413
8695799 414
8707855 415
8764021 416
8817448 417
8824468 418
8852282 419
8884506 420
8907306 421
8917562 422
8929003 423
8941817 424
8951934 425
8971978 426
8994790 427
9004339 428
9028073 429
9034106 430
9064391 431
9071561 432
9078981 433
9083870 434
9100314 435
9104321 436
9178470 437
9221814 438
9240196 439
9244568 440
9249574 441
9263087 442
9268352 443
9271212 444
9275636 445
9289189 446
9317484 447
9327231 448
9337884 449
9347878 450
9373380 451
9385743 452
9394792 453
9422620 454
9430618 455
9455562 456
9517019 457
9532658 458
9535222 459
9544323 460
9646099 461
9662931 462
9677390 463
9726683 464
9756477 465
9777031 466
9792932 467
9793069 468
9795821 469
9828210 470
9856019 471
9864913 472
9870927 473
9897500 474
9919377 475
9924001 476
9935288 477
9946991 478
9959370 479
9973963 480
9991261 481
10005107 482
10023967 483
10026784 484
10030013 485
10070094 486
10147721 487
10153138 488
10153803 489
10157674 490
10161302 491
10206652 492
10220602 493
10262282 494
10275023 495
10282738 496
10304300 497
10308566 498
10312878 499
10341647 500
10358631 501
10403674 502
10483064 503
10508668 504
10570372 505
10575741 506
10595458 507
10598149 508
10636109 509
10648697 510
10685015 511
10707500 512
10709848 513
10713778 514
10719132 515
10726164 516
10729109 517
10753258 518
10768783 519
10810500 520
10819043 521
10820807 522
10840696 523
10840769 524
10850383 525
10866157 526
10870622 527
10874514 528
10948229 529
10998918 530
10999811 531
11009671 532
11039442 533
11075447 534
11102438 535
11128931 536
11147015 537
11149682 538
11170706 539
11170912 540
11212975 541
11214392 542
11222281 543
11223624 544
11229009 545
11243788 546
11244707 547
11283791 548
11290680 549
11303394 550
11307349 551
11316168 552
11317743 553
11327506 554
11328872 555
11343285 556
11349884 557
11363569 558
11365655 559
11398615 560
11403251 561
11403268 562
11427722 563
11427927 564
11429741 565
11440891 566
11444228 567
11447544 568
11456316 569
11518472 570
11555692 571
11565849 572
11570003 573
11571859 574
11580745 575
11598881 576
11610747 577
11651589 578
11684341 579
11747490 580
11780765 581
11784613 582
11845080 583
11852164 584
11895714 585
11909045 586
11943771 587
11944117 588
11947911 589
11974386 590
11980396 591
12008622 592
12059722 593
12075091 594
12082718 595
12085172 596
12090636 597
12103863 598
12120272 599
12120585 600
12144825 601
12182121 602
12267808 603
12304379 604
12315782 605
12352456 606
12354453 607
12364425 608
12378977 609
12384522 610
12385279 611
12399759 612
12402581 613
12420768 614
12426823 615
12429904 616
12438599 617
12477742 618
12483592 619
12512005 620
12545586 621
12574828 622
12592265 623
12606176 624
12676982 625
12680667 626
12704267 627
12724133 628
12727029 629
12728563 630
12739735 631
12741611 632
12749164 633
12751584 634
12791144 635
12794705 636
12802396 637
12803006 638
12805599 639
12815625 640
12844980 641
12900481 642
12911668 643
12916757 644
12954344 645
12961311 646
12976091 647
13006339 648
13039740 649
13041075 650
13054770 651
13072772 652
13089497 653
13128022 654
13136476 655
13147773 656
13152771 657
13153164 658
13158962 659
13160157 660
13164378 661
13170327 662
13174153 663
13176880 664
13191850 665
13231793 666
13237147 667
13250138 668
13255537 669
13367991 670
13402940 671
13445610 672
13457609 673
13468585 674
13499978 675
13512875 676
13515700 677
13550562 678
13566217 679
13616157 680
13632942 681
13638977 682
13683065 683
13692710 684
13756191 685
13762085 686
13762090 687
13803875 688
13823932 689
13833441 690
13880351 691
13929537 692
13935473 693
13964695 694
14011532 695
14013843 696
14030270 697
14039548 698
14086774 699
14111045 700
14133571 701
14208284 702
14216838 703
14261655 704
14300471 705
14344324 706
14365933 707
14367100 708
14376976 709
14468768 710
14519410 711
14534011 712
14603440 713
14609217 714
14611414 715
14617386 716
14642577 717
14644380 718
14755572 719
14755998 720
14811409 721
14820452 722
14829272 723
14861336 724
14881781 725
14898945 726
14906832 727
14912455 728
14928191 729
14931330 730
14946227 731
15004681 732
15057826 733
15090645 734
15105150 735
15160498 736
15165078 737
15188296 738
15235530 739
15288317 740
15373020 741
15378927 742
15382708 743
15391378 744
15421458 745
15427502 746
15427954 747
15443568 748
15448935 749
15465944 750
15511960 751
15536822 752
15571873 753
15591968 754
15620467 755
15647562 756
15675653 757
15680072 758
15691976 759
15692298 760
15693723 761
15699251 762
15711291 763
15727884 764
15742313 765
15742907 766
15750981 767
15835298 768
15883436 769
15911874 770
15956573 771
15965547 772
15968065 773
15991791 774
16020777 775
16028503 776
16028754 777
16066195 778
16084630 779
16087845 780
16090993 781
16131849 782
16162667 783
16206736 784
16246799 785
16310290 786
16315719 787
16320434 788
16327418 789
16331858 790
16385260 791
16406254 792
16422462 793
16453961 794
16479708 795
16488823 796
16505661 797
16547630 798
16550062 799
16556673 800
16574362 801
16583827 802
16607473 803
16611874 804
16616331 805
16623439 806
16626223 807
16626301 808
16628237 809
16642159 810
16667558 811
16670524 812
16689526 813
16693088 814
16699156 815
16767787 816
16783689 817
16791997 818
16796628 819
16815015 820
16815016 821
16818627 822
16848732 823
16863395 824
16880016 825
16911556 826
16930400 827
16946283 828
16974725 829
16981176 830
17005937 831
17011646 832
17036492 833
17037893 834
17040622 835
17052583 836
17056861 837
17070637 838
17107569 839
17149688 840
17192438 841
17206293 842
17221920 843
17275945 844
17294260 845
17311736 846
17331070 847
17338050 848
17372975 849
17402388 850
17416427 851
17421185 852
17465612 853
17477913 854
17497455 855
17520916 856
17528346 857
17529969 858
17534510 859
17543006 860
17549380 861
17565053 862
17566508 863
17585360 864
17590330 865
17597310 866
17601577 867
17627535 868
17645184 869
17647126 870
17649385 871
17663669 872
17666091 873
17667472 874
17704274 875
17705822 876
17728914 877
17755252 878
17771501 879
17781783 880
17796380 881
17811480 882
17813565 883
17840550 884
17881955 885
17893663 886
17899057 887
17928088 888
17930573 889
17942802 890
17954313 891
17958770 892
17982120 893
18004763 894
18021639 895
18022370 896
18033235 897
18044947 898
18054032 899
18059686 900
18069908 901
18084246 902
18118435 903
18141746 904
18142864 905
18148820 906
18199440 907
18203043 908
18212446 909
18216285 910
18218163 911
18262041 912
18278083 913
18280258 914
18309524 915
18362087 916
18375830 917
18378128 918
18417611 919
18420424 920
18451752 921
18459836 922
18471124 923
18480485 924
18483413 925
18497507 926
18519242 927
18536709 928
18554092 929
18562515 930
18572925 931
18580305 932
18608885 933
18681255 934
18710754 935
18715975 936
18739802 937
18777695 938
18792940 939
18816833 940
18834563 941
18839362 942
18875771 943
18893182 944
18924711 945
18944079 946
19015108 947
19037639 948
19061103 949
19070477 950
19114021 951
19146324 952
19146686 953
19162174 954
19162658 955
19172388 956
19176071 957
19187436 958
19207479 959
19222480 960
19276253 961
19276457 962
19281940 963
19284613 964
19285709 965
19289506 966
19300515 967
19370237 968
19374853 969
19390631 970
19392456 971
19436741 972
19473790 973
19480268 974
19483428 975
19501364 976
19508676 977
19546176 978
19567666 979
19571728 980
19589843 981
19597639 982
19632334 983
19634487 984
19639703 985
19659867 986
19678081 987
19690656 988
19696613 989
19710149 990
19739939 991
19740699 992
19792104 993
19804800 994
19810614 995
19815996 996
19884772 997
19923931 998
19942755 999
19978799 1000
19990470 1001
20071762 1002
20076592 1003
20085149 1004
20085906 1005
20102316 1006
20116245 1007
20117651 1008
20130790 1009
20146430 1010
20160644 1011
20162161 1012
20199720 1013
20207739 1014
20215670 1015
20261126 1016
20280281 1017
20318256 1018
20326251 1019
20347840 1020
20393722 1021
20446580 1022
20511559 1023
20518613 1024
20533704 1025
20546419 1026
20559639 1027
20564270 1028
20566284 1029
20585089 1030
20598858 1031
20619174 1032
20642826 1033
20706790 1034
20726286 1035
20735586 1036
20744601 1037
20750806 1038
20763484 1039
20769793 1040
20780356 1041
20790778 1042
20805607 1043
20844896 1044
20847013 1045
20856402 1046
20858307 1047
20862930 1048
20879564 1049
20916494 1050
20917450 1051
20924716 1052
20949452 1053
20949732 1054
20955126 1055
21004378 1056
21009062 1057
21018484 1058
21019990 1059
21034417 1060
21072833 1061
21080592 1062
21089730 1063
21118660 1064
21162439 1065
21203822 1066
21218514 1067
21227477 1068
21261602 1069
21271423 1070
21272861 1071
21285316 1072
21328779 1073
21355029 1074
21355950 1075
21357204 1076
21362675 1077
21368703 1078
21375780 1079
21380528 1080
21392897 1081
21410816 1082
21426024 1083
21431270 1084
21434478 1085
21437684 1086
21443746 1087
21464669 1088
21500688 1089
21525805 1090
21535128 1091
21539675 1092
21546615 1093
21554908 1094
21610983 1095
21667156 1096
21674328 1097
21695224 1098
21712132 1099
21736413 1100
21760101 1101
21785989 1102
21814755 1103
21835269 1104
21855442 1105
21870014 1106
21906954 1107
21916693 1108
21921697 1109
21930776 1110
21932328 1111
21946977 1112
21960269 1113
22000555 1114
22035451 1115
22048995 1116
22058650 1117
22068294 1118
22073619 1119
22088513 1120
22132778 1121
22151721 1122
22158341 1123
22229759 1124
22250013 1125
22267250 1126
22276621 1127
22325484 1128
22325484 1129
22325484 1130
22346303 1131
22386335 1132
22402099 1133
22418231 1134
22430687 1135
22447556 1136
22470279 1137
22473826 1138
22480082 1139
22537225 1140
22560980 1141
22566329 1142
22566450 1143
22575484 1144
22625231 1145
22631363 1146
22654837 1147
22704574 1148
22719979 1149
22770462 1150
22775783 1151
22796104 1152
22812490 1153
22816583 1154
22820930 1155
22839174 1156
22858206 1157
22858522 1158
22863798 1159
22869489 1160
22885181 1161
22905428 1162
22918818 1163
22923080 1164
22955345 1165
22963756 1166
22986306 1167
23034170 1168
23080539 1169
23106574 1170
23143989 1171
23146123 1172
23168613 1173
23232564 1174
23234160 1175
23290495 1176
23292133 1177
23330201 1178
23334636 1179
23347229 1180
23401920 1181
23413942 1182
23417435 1183
23434347 1184
23439128 1185
23446989 1186
23505965 1187
23523919 1188
23524340 1189
23533306 1190
23602492 1191
23621276 1192
23640119 1193
23649887 1194
23681188 1195
23685227 1196
23707005 1197
23740377 1198
23744459 1199
23762230 1200
23778399 1201
23829442 1202
23911405 1203
23975919 1204
23989350 1205
23992848 1206
24002450 1207
24003474 1208
24003607 1209
24031028 1210
24087305 1211
24087705 1212
24130328 1213
24149064 1214
24154012 1215
24202542 1216
24202712 1217
24224342 1218
24239501 1219
24243289 1220
24251091 1221
24257688 1222
24274158 1223
24290156 1224
24300257 1225
24301947 1226
24307897 1227
24333695 1228
24394466 1229
24414827 1230
24422466 1231
24529384 1232
24536027 1233
24549453 1234
24618644 1235
24629327 1236
24668760 1237
24677988 1238
24679789 1239
24694492 1240
24711927 1241
24783812 1242
24788757 1243
24797081 1244
24799553 1245
24816587 1246
24850621 1247
24910762 1248
24912131 1249
24919369 1250
24930941 1251
24933134 1252
24945044 1253
24957660 1254
24957837 1255
24961430 1256
24966629 1257
24994220 1258
24997795 1259
25051174 1260
25083532 1261
25114494 1262
25143669 1263
25158116 1264
25224285 1265
25226901 1266
25338775 1267
25344796 1268
25349267 1269
25352359 1270
25360855 1271
25367390 1272
25392502 1273
25488490 1274
25492243 1275
25504187 1276
25521366 1277
25523590 1278
25534118 1279
25555157 1280
25575486 1281
25635823 1282
25676880 1283
25705239 1284
25711170 1285
25727641 1286
25728392 1287
25778640 1288
25819243 1289
25825875 1290
25827837 1291
25835857 1292
25899639 1293
25912687 1294
25918428 1295
25956857 1296
25964498 1297
25988974 1298
26049663 1299
26058591 1300
26068880 1301
26080450 1302
26094574 1303
26102021 1304
26120241 1305
26197633 1306
26230290 1307
26244716 1308
26246806 1309
26253027 1310
26257290 1311
26260910 1312
26320150 1313
26365990 1314
26426727 1315
26442837 1316
26451312 1317
26457311 1318
26459317 1319
26514739 1320
26541648 1321
26576629 1322
26589008 1323
26589187 1324
26590690 1325
26605091 1326
26620612 1327
26622656 1328
26662361 1329
26673133 1330
26681794 1331
26713808 1332
26735534 1333
26743907 1334
26786181 1335
26843664 1336
26853671 1337
26859831 1338
26862748 1339
26881260 1340
26894514 1341
26912806 1342
26933398 1343
26950972 1344
26969428 1345
26979745 1346
27010328 1347
27038741 1348
27086294 1349
27088266 1350
27108604 1351
27119998 1352
27124767 1353
27131781 1354
27134506 1355
27156745 1356
27164377 1357
27173345 1358
27184554 1359
27202492 1360
27209331 1361
27210685 1362
27215795 1363
27216674 1364
27250554 1365
27262353 1366
27336263 1367
27441719 1368
27471798 1369
27526646 1370
27583305 1371
27607464 1372
27619097 1373
27655548 1374
27679568 1375
27723922 1376
27744422 1377
27745188 1378
27794804 1379
27831610 1380
27870844 1381
27874194 1382
27879901 1383
27890673 1384
27895623 1385
27942816 1386
27955979 1387
27974300 1388
27981118 1389
28017670 1390
28034360 1391
28034885 1392
28044780 1393
28047833 1394
28053472 1395
28099086 1396
28120681 1397
28122836 1398
28126729 1399
28136451 1400
28165427 1401
28166654 1402
28185447 1403
28197006 1404
28214828 1405
28220995 1406
28282282 1407
28283609 1408
28297164 1409
28319668 1410
28320744 1411
28324347 1412
28326102 1413
28346999 1414
28350078 1415
28384273 1416
28497747 1417
28506140 1418
28516729 1419
28530227 1420
28577556 1421
28584076 1422
28589633 1423
28597063 1424
28598624 1425
28614376 1426
28645304 1427
28658436 1428
28680673 1429
28682095 1430
28762938 1431
28777336 1432
28789455 1433
28802249 1434
28810045 1435
28819901 1436
28831733 1437
28840112 1438
28901534 1439
28998246 1440
29003398 1441
29007167 1442
29009783 1443
29012839 1444
29031655 1445
29040057 1446
29059693 1447
29073821 1448
29085035 1449
29095853 1450
29105289 1451
29106999 1452
29107131 1453
29121707 1454
29132645 1455
29132898 1456
29164849 1457
29208357 1458
29209939 1459
29222307 1460
29246532 1461
29252958 1462
29259303 1463
29300418 1464
29322238 1465
29332685 1466
29351496 1467
29355028 1468
29387865 1469
29408244 1470
29417666 1471
29429429 1472
29450335 1473
29465611 1474
29467684 1475
29488299 1476
29492535 1477
29492766 1478
29529563 1479
29548374 1480
29575371 1481
29604290 1482
29615403 1483
29634209 1484
29635326 1485
29709790 1486
29731426 1487
29738482 1488
29778804 1489
29839510 1490
29856270 1491
29892380 1492
29899284 1493
29912077 1494
29912899 1495
29917005 1496
29930366 1497
29940118 1498
29982077 1499
30002291 1500
30006982 1501
30021811 1502
30074361 1503
30083827 1504
30084743 1505
30087978 1506
30132117 1507
30187827 1508
30204045 1509
30228693 1510
30254189 1511
30291879 1512
30292671 1513
30298595 1514
30319461 1515
30321620 1516
30332317 1517
30356129 1518
30361363 1519
30384290 1520
30421763 1521
30446475 1522
30460724 1523
30468283 1524
30472319 1525
30487379 1526
30530914 1527
30531805 1528
30537040 1529
30545702 1530
30580708 1531
30599449 1532
30606871 1533
30609096 1534
30609187 1535
30637912 1536
30638651 1537
30663393 1538
30674305 1539
30680476 1540
30685452 1541
30734144 1542
30748046 1543
30757814 1544
30773340 1545
30775618 1546
30779274 1547
30796116 1548
30798981 1549
30895986 1550
30912253 1551
30918893 1552
30927169 1553
30933794 1554
30956594 1555
30973823 1556
31015286 1557
31043565 1558
31047052 1559
31051776 1560
31058975 1561
31128551 1562
31131546 1563
31135429 1564
31137654 1565
31177196 1566
31180741 1567
31235331 1568
31247337 1569
31258577 1570
31262771 1571
31273708 1572
31284958 1573
31312318 1574
31313497 1575
31320672 1576
31333308 1577
31335556 1578
31336149 1579
31339592 1580
31340219 1581
31347583 1582
31362257 1583
31365228 1584
31462922 1585
31507446 1586
31516570 1587
31532278 1588
31541125 1589
31559636 1590
31582359 1591
31619154 1592
31653844 1593
31667540 1594
31677746 1595
31681561 1596
31683394 1597
31699172 1598
31700299 1599
31700883 1600
31701235 1601
31721597 1602
31751519 1603
31774737 1604
31791259 1605
31804955 1606
31828682 1607
31833584 1608
31905577 1609
31947028 1610
31980653 1611
31982727 1612
31991821 1613
31998717 1614
32069503 1615
32097307 1616
32127281 1617
32158897 1618
32162465 1619
32217290 1620
32229122 1621
32263571 1622
32267772 1623
32268786 1624
32289976 1625
32302770 1626
32327828 1627
32344987 1628
32352185 1629
32366285 1630
32379405 1631
32393025 1632
32415401 1633
32422424 1634
32423989 1635
32432760 1636
32437687 1637
32468853 1638
32504966 1639
32513828 1640
32538260 1641
32542921 1642
32666433 1643
32675038 1644
32692537 1645
32701888 1646
32704837 1647
32713483 1648
32727208 1649
32746520 1650
32780508 1651
32782794 1652
32791322 1653
32809327 1654
32831554 1655
32898911 1656
32904842 1657
32905295 1658
33011785 1659
33052158 1660
33058218 1661
33071106 1662
33089159 1663
33092492 1664
33094322 1665
33126697 1666
33135875 1667
33178003 1668
33180442 1669
33194226 1670
33198745 1671
33206195 1672
33243116 1673
33259107 1674
33260825 1675
33284106 1676
33290579 1677
33360565 1678
33377037 1679
33399809 1680
33427482 1681
33480076 1682
33507297 1683
33563269 1684
33567076 1685
33576755 1686
33594881 1687
33600436 1688
33602931 1689
33620500 1690
33658201 1691
33709957 1692
33728665 1693
33752850 1694
33762749 1695
33792041 1696
33838076 1697
33847082 1698
33870903 1699
33887081 1700
33933828 1701
33935691 1702
33945650 1703
33958706 1704
33974443 1705
33982452 1706
33985489 1707
34004591 1708
34007496 1709
34028334 1710
34058218 1711
34102333 1712
34121162 1713
34182234 1714
34190390 1715
34203846 1716
34212827 1717
34308670 1718
34312664 1719
34315694 1720
34335205 1721
34381582 1722
34401014 1723
34408922 1724
34450320 1725
34456634 1726
34507069 1727
34508797 1728
34525473 1729
34560184 1730
34569963 1731
34581448 1732
34609041 1733
34609953 1734
34646489 1735
34666410 1736
34686952 1737
34711963 1738
34711966 1739
34721882 1740
34744642 1741
34781786 1742
34798436 1743
34826639 1744
34834182 1745
34840496 1746
34855427 1747
34890637 1748
34917405 1749
34924146 1750
34945919 1751
34983063 1752
35004318 1753
35008714 1754
35015232 1755
35018590 1756
35025251 1757
35035306 1758
35072241 1759
35079498 1760
35118481 1761
35138920 1762
35148772 1763
35176311 1764
35189134 1765
35197110 1766
35275793 1767
35322528 1768
35351398 1769
35366661 1770
35375810 1771
35399688 1772
35457377 1773
35496682 1774
35535338 1775
35539741 1776
35554433 1777
35572718 1778
35574575 1779
35624929 1780
35668350 1781
35674850 1782
35712575 1783
35717928 1784
35771115 1785
35777468 1786
35780993 1787
35798680 1788
35865518 1789
35870361 1790
35883292 1791
35927736 1792
35945839 1793
35953276 1794
35953353 1795
35977735 1796
35979885 1797
36038101 1798
36051164 1799
36062865 1800
36063472 1801
36100552 1802
36136122 1803
36154094 1804
36184583 1805
36237703 1806
36242545 1807
36278074 1808
36291838 1809
36293498 1810
36305707 1811
36324964 1812
36377400 1813
36420880 1814
36423684 1815
36430173 1816
36439288 1817
36503599 1818
36504210 1819
36515064 1820
36515335 1821
36522226 1822
36577547 1823
36577851 1824
36579719 1825
36603069 1826
36681672 1827
36713494 1828
36762673 1829
36785217 1830
36790173 1831
36791316 1832
36822250 1833
36828874 1834
36856211 1835
36873643 1836
36876799 1837
36885240 1838
36940673 1839
36946939 1840
36961250 1841
37002410 1842
37051783 1843
37070532 1844
37076905 1845
37116713 1846
37162491 1847
37162656 1848
37185107 1849
37231293 1850
37274750 1851
37285164 1852
37288176 1853
37304067 1854
37327835 1855
37331336 1856
37343605 1857
37344336 1858
37370251 1859
37425748 1860
37442371 1861
37444723 1862
37453058 1863
37471579 1864
37480134 1865
37480167 1866
37509879 1867
37512055 1868
37516495 1869
37517519 1870
37551664 1871
37588458 1872
37602245 1873
37611150 1874
37657973 1875
37666373 1876
37669297 1877
37708621 1878
37713495 1879
37794756 1880
37797947 1881
37808882 1882
37811016 1883
37824184 1884
37859979 1885
37885038 1886
37886316 1887
37909415 1888
37922315 1889
37927269 1890
37978456 1891
37981035 1892
38015631 1893
38016366 1894
38064542 1895
38088777 1896
38097177 1897
38116396 1898
38140723 1899
38159172 1900
38171489 1901
38178148 1902
38202074 1903
38213799 1904
38246853 1905
38261953 1906
38303963 1907
38308703 1908
38314335 1909
38349761 1910
38393970 1911
38413334 1912
38450300 1913
38451488 1914
38464578 1915
38487620 1916
38489582 1917
38522449 1918
38546864 1919
38568145 1920
38570889 1921
38590151 1922
38606332 1923
38606834 1924
38638073 1925
38648638 1926
38671512 1927
38702933 1928
38721901 1929
38724666 1930
38732645 1931
38736725 1932
38756600 1933
38773948 1934
38787639 1935
38811945 1936
38889283 1937
38911697 1938
38926759 1939
38937230 1940
38937901 1941
38957853 1942
38984895 1943
38992140 1944
38993224 1945
39027552 1946
39033393 1947
39053967 1948
39066797 1949
39135525 1950
39136020 1951
39136624 1952
39145852 1953
39239555 1954
39257879 1955
39264749 1956
39277906 1957
39295263 1958
39323590 1959
39331960 1960
39377165 1961
39384215 1962
39386731 1963
39395117 1964
39396970 1965
39410822 1966
39424653 1967
39425229 1968
39428143 1969
39487329 1970
39508984 1971
39535296 1972
39549252 1973
39560278 1974
39562437 1975
39562654 1976
39634731 1977
39652861 1978
39715919 1979
39733025 1980
39742439 1981
39763022 1982
39799968 1983
39816354 1984
39821311 1985
39848321 1986
39876084 1987
39910101 1988
39931518 1989
39959480 1990
39960842 1991
39975458 1992
40028802 1993
40059776 1994
40065525 1995
40067172 1996
40072251 1997
40078824 1998
40116303 1999
40120056 2000
40127779 2001
40145816 2002
40163349 2003
40192321 2004
40196899 2005
40199763 2006
40214776 2007
40225245 2008
40225379 2009
40252182 2010
40278541 2011
40283053 2012
40305541 2013
40315868 2014
40352447 2015
40355540 2016
40369280 2017
40379316 2018
40412513 2019
40493344 2020
40538687 2021
40544566 2022
40562292 2023
40577886 2024
40596499 2025
40599950 2026
40610158 2027
40656680 2028
40658417 2029
40660490 2030
40662365 2031
40667233 2032
40688956 2033
40702090 2034
40752446 2035
40782536 2036
40782882 2037
40796490 2038
40800818 2039
40805231 2040
40852750 2041
40900827 2042
40938280 2043
40984976 2044
41003520 2045
41016971 2046
41042641 2047
41076352 2048
41090306 2049
41091104 2050
41188780 2051
41240457 2052
41310117 2053
41310479 2054
41310944 2055
41315801 2056
41333272 2057
41339240 2058
41343618 2059
41344753 2060
41395978 2061
41402499 2062
41410157 2063
41419699 2064
41423935 2065
41425125 2066
41437204 2067
41441873 2068
41473901 2069
41478278 2070
41506906 2071
41507414 2072
41530853 2073
41538900 2074
41542998 2075
41545080 2076
41548736 2077
41611358 2078
41673695 2079
41710161 2080
41722272 2081
41727083 2082
41738527 2083
41827008 2084
41847964 2085
41859133 2086
41864008 2087
41866803 2088
41908611 2089
41916840 2090
41948365 2091
41992813 2092
42003355 2093
42007375 2094
42008866 2095
42056962 2096
42066331 2097
42077885 2098
42090134 2099
42101696 2100
42162371 2101
42187048 2102
42199808 2103
42206965 2104
42245225 2105
42267059 2106
42299682 2107
42307451 2108
42312347 2109
42348481 2110
42362247 2111
42382020 2112
42385688 2113
42388587 2114
42399936 2115
42424456 2116
42443506 2117
42473300 2118
42561646 2119
42566283 2120
42569116 2121
42573710 2122
42594043 2123
42607824 2124
42609814 2125
42614510 2126
42624708 2127
42654369 2128
42684404 2129
42724535 2130
42731296 2131
42766433 2132
42799444 2133
42807543 2134
42822133 2135
42908882 2136
42909519 2137
42935989 2138
42949799 2139
42951408 2140
43066988 2141
43074309 2142
43091735 2143
43094441 2144
43120762 2145
43131325 2146
43144974 2147
43146862 2148
43185611 2149
43188420 2150
43197358 2151
43211536 2152
43290378 2153
43315954 2154
43317874 2155
43340837 2156
43377103 2157
43394313 2158
43418678 2159
43452984 2160
43462626 2161
43497047 2162
43515808 2163
43536972 2164
43579262 2165
43587834 2166
43597806 2167
43676274 2168
43693336 2169
43695384 2170
43706784 2171
43811641 2172
43841705 2173
43843116 2174
43843840 2175
43847793 2176
43866800 2177
43880759 2178
43907331 2179
43908847 2180
43947759 2181
43952102 2182
43965486 2183
43985818 2184
44006531 2185
44065138 2186
44068577 2187
44095441 2188
44113899 2189
44126338 2190
44228082 2191
44232096 2192
44321845 2193
44392281 2194
44433084 2195
44461395 2196
44476182 2197
44497232 2198
44516172 2199
44574084 2200
44578882 2201
44700983 2202
44727107 2203
44731981 2204
44741358 2205
44763448 2206
44775528 2207
44794208 2208
44817224 2209
44856823 2210
44875287 2211
44900038 2212
44939493 2213
44941136 2214
44967664 2215
44973473 2216
44974032 2217
45015265 2218
45036785 2219
45042315 2220
45066713 2221
45068457 2222
45074814 2223
45116558 2224
45121105 2225
45128723 2226
45170826 2227
45179688 2228
45180021 2229
45195899 2230
45215029 2231
45216435 2232
45226165 2233
45288838 2234
45288969 2235
45291033 2236
45300665 2237
45330207 2238
45334034 2239
45360936 2240
45409457 2241
45439327 2242
45440543 2243
45454273 2244
45463812 2245
45490731 2246
45525238 2247
45555612 2248
45569626 2249
45598156 2250
45603050 2251
45605396 2252
45609106 2253
45609974 2254
45618444 2255
45677414 2256
45689246 2257
45713082 2258
45728207 2259
45755856 2260
45781301 2261
45787957 2262
45790676 2263
45813626 2264
45823478 2265
45859764 2266
45866076 2267
45871869 2268
45872807 2269
45875583 2270
45934695 2271
45945444 2272
45967326 2273
45975608 2274
45989030 2275
45990968 2276
45991446 2277
46064901 2278
46088353 2279
46195237 2280
46231077 2281
46235540 2282
46239874 2283
46245435 2284
46249789 2285
46285535 2286
46290946 2287
46311208 2288
46396278 2289
46410405 2290
46429965 2291
46433921 2292
46450116 2293
46469251 2294
46469918 2295
46480521 2296
46488346 2297
46523525 2298
46626134 2299
46687308 2300
46701712 2301
46705145 2302
46723831 2303
46788740 2304
46811314 2305
46840669 2306
46851350 2307
46851940 2308
46880194 2309
46880416 2310
46894654 2311
46908058 2312
46923502 2313
46943556 2314
46956313 2315
46960080 2316
46970677 2317
47010337 2318
47016109 2319
47026203 2320
47039625 2321
47058697 2322
47063600 2323
47115528 2324
47131994 2325
47171848 2326
47193807 2327
47206975 2328
47229297 2329
47236389 2330
47256097 2331
47272430 2332
47310619 2333
47348263 2334
47372031 2335
47413602 2336
47440803 2337
47445284 2338
47481074 2339
47487978 2340
47514424 2341
47530329 2342
47539411 2343
47546007 2344
47567808 2345
47573963 2346
47579431 2347
47593073 2348
47597751 2349
47611749 2350
47644855 2351
47661380 2352
47698238 2353
47708291 2354
47727613 2355
47738020 2356
47756258 2357
47760753 2358
47792399 2359
47820161 2360
47823876 2361
47850960 2362
47878259 2363
47929862 2364
47936802 2365
47939709 2366
47982198 2367
47992405 2368
48012080 2369
48033870 2370
48037351 2371
48069312 2372
48071185 2373
48098723 2374
48101408 2375
48134155 2376
48134670 2377
48164861 2378
48167777 2379
48177655 2380
48197201 2381
48202716 2382
48211128 2383
48216730 2384
48219918 2385
48229321 2386
48229447 2387
48254100 2388
48337186 2389
48340894 2390
48341064 2391
48356900 2392
48397767 2393
48423942 2394
48443579 2395
48469870 2396
48481608 2397
48493812 2398
48514567 2399
48531907 2400
48574318 2401
48620785 2402
48625341 2403
48637245 2404
48639741 2405
48640998 2406
48644542 2407
48680209 2408
48687631 2409
48710068 2410
48710508 2411
48753976 2412
48782860 2413
48837836 2414
48841846 2415
48898377 2416
48937420 2417
49000483 2418
49027819 2419
49051281 2420
49071145 2421
49090183 2422
49091414 2423
49149456 2424
49173213 2425
49179583 2426
49180707 2427
49183427 2428
49187637 2429
49230926 2430
49246261 2431
49258408 2432
49297761 2433
49318185 2434
49372949 2435
49409875 2436
49416146 2437
49434741 2438
49451230 2439
49476261 2440
49495556 2441
49496684 2442
49530127 2443
49551848 2444
49581556 2445
49621264 2446
49645735 2447
49655806 2448
49687042 2449
49688783 2450
49697231 2451
49700715 2452
49711323 2453
49722541 2454
49741768 2455
49774008 2456
49788442 2457
49799321 2458
49898837 2459
49969806 2460
49984718 2461
50005165 2462
50005922 2463
50014832 2464
50054288 2465
50058073 2466
50059369 2467
50062971 2468
50071592 2469
50076446 2470
50087490 2471
50091023 2472
50092881 2473
50097144 2474
50111287 2475
50176152 2476
50206758 2477
50241123 2478
50268500 2479
50272556 2480
50276245 2481
50281289 2482
50287477 2483
50287629 2484
50306006 2485
50321730 2486
50335984 2487
50371534 2488
50375317 2489
50417023 2490
50473518 2491
50490979 2492
50503422 2493
50511354 2494
50516367 2495
50527661 2496
50585926 2497
50586053 2498
50608561 2499
50616431 2500
50622203 2501
50636548 2502
50648716 2503
50652960 2504
50693584 2505
50703091 2506
50712360 2507
50746319 2508
50748338 2509
50748829 2510
50784718 2511
50800981 2512
50802307 2513
50822695 2514
50856656 2515
50904913 2516
50927742 2517
50950534 2518
50958720 2519
50970152 2520
50990548 2521
51009072 2522
51013702 2523
51023336 2524
51051958 2525
51060896 2526
51064891 2527
51069977 2528
51071528 2529
51077338 2530
51090617 2531
51112817 2532
51139614 2533
51177035 2534
51202291 2535
51202420 2536
51218612 2537
51316433 2538
51353700 2539
51356355 2540
51364944 2541
51369519 2542
51373102 2543
51373701 2544
51385644 2545
51423240 2546
51424182 2547
51425862 2548
51434183 2549
51459923 2550
51467986 2551
51468243 2552
51537765 2553
51546022 2554
51549847 2555
51558796 2556
51558797 2557
51560218 2558
51568873 2559
51570182 2560
51575714 2561
51589794 2562
51605809 2563
51619967 2564
51633948 2565
51639558 2566
51646724 2567
51665535 2568
51666799 2569
51700645 2570
51709407 2571
51741533 2572
51745012 2573
51770441 2574
51778785 2575
51783820 2576
51791015 2577
51811722 2578
51860745 2579
51926386 2580
51939378 2581
51951073 2582
51986350 2583
52012723 2584
52019066 2585
52048596 2586
52090168 2587
52127404 2588
52143862 2589
52158292 2590
52202171 2591
52206204 2592
52258182 2593
52298964 2594
52322344 2595
52336074 2596
52341803 2597
52374386 2598
52377872 2599
52386851 2600
52389011 2601
52390057 2602
52444558 2603
52452935 2604
52490592 2605
52506603 2606
52523057 2607
52572443 2608
52632332 2609
52645133 2610
52650096 2611
52650875 2612
52668279 2613
52703622 2614
52745281 2615
52824683 2616
52832888 2617
52858971 2618
52919162 2619
52957625 2620
52975074 2621
52991041 2622
52995643 2623
53005149 2624
53024331 2625
53038081 2626
53043669 2627
53061643 2628
53072318 2629
53109977 2630
53136053 2631
53143435 2632
53148380 2633
53153478 2634
53193814 2635
53198760 2636
53221600 2637
53221977 2638
53243323 2639
53265878 2640
53278561 2641
53303375 2642
53304707 2643
53307148 2644
53348116 2645
53353887 2646
53366134 2647
53385030 2648
53399933 2649
53448875 2650
53472551 2651
53479337 2652
53523365 2653
53524830 2654
53526259 2655
53531052 2656
53564091 2657
53632457 2658
53635161 2659
53661361 2660
53669118 2661
53678422 2662
53718468 2663
53725215 2664
53726982 2665
53739708 2666
53767741 2667
53803572 2668
53806922 2669
53830730 2670
53849113 2671
53860347 2672
53870184 2673
53880485 2674
53882695 2675
53890108 2676
53896174 2677
53906785 2678
53952275 2679
53971009 2680
53990766 2681
54018017 2682
54053567 2683
54057973 2684
54061045 2685
54089338 2686
54099540 2687
54122082 2688
54141232 2689
54190482 2690
54204873 2691
54229689 2692
54262051 2693
54264413 2694
54303923 2695
54323090 2696
54329987 2697
54332151 2698
54369880 2699
54372273 2700
54385968 2701
54447231 2702
54460857 2703
54484230 2704
54490555 2705
54522809 2706
54556265 2707
54617665 2708
54634373 2709
54671245 2710
54672396 2711
54680554 2712
54719728 2713
54722401 2714
54723243 2715
54726116 2716
54734493 2717
54740122 2718
54757960 2719
54764001 2720
54768677 2721
54782564 2722
54785364 2723
54798248 2724
54820436 2725
54946999 2726
54956153 2727
54977955 2728
54980168 2729
55083808 2730
55111725 2731
55171237 2732
55201285 2733
55246389 2734
55280585 2735
55308224 2736
55376081 2737
55437009 2738
55442595 2739
55444837 2740
55451011 2741
55461700 2742
55462453 2743
55472875 2744
55494736 2745
55500397 2746
55511180 2747
55532337 2748
55535653 2749
55591553 2750
55595060 2751
55624333 2752
55651853 2753
55681329 2754
55690969 2755
55705234 2756
55738707 2757
55740395 2758
55742952 2759
55781391 2760
55828407 2761
55835412 2762
55860945 2763
55880997 2764
55911818 2765
55920212 2766
56022337 2767
56024788 2768
56063725 2769
56089896 2770
56095273 2771
56106111 2772
56116842 2773
56125091 2774
56125826 2775
56128964 2776
56133824 2777
56159811 2778
56175854 2779
56247381 2780
56248314 2781
56270614 2782
56273573 2783
56297266 2784
56311979 2785
56346136 2786
56373929 2787
56384068 2788
56385194 2789
56393647 2790
56402226 2791
56414453 2792
56437396 2793
56437623 2794
56452288 2795
56457660 2796
56459087 2797
56469209 2798
56469656 2799
56472066 2800
56495190 2801
56496278 2802
56502777 2803
56513718 2804
56546769 2805
56549601 2806
56552094 2807
56556697 2808
56568992 2809
56600834 2810
56605703 2811
56630703 2812
56636731 2813
56637134 2814
56641999 2815
56680324 2816
56688124 2817
56727886 2818
56746936 2819
56819238 2820
56883952 2821
56891125 2822
56891699 2823
56908997 2824
56922745 2825
56929946 2826
56983165 2827
56995400 2828
57003667 2829
57007614 2830
57044470 2831
57068283 2832
57099170 2833
57101447 2834
57150943 2835
57154409 2836
57158857 2837
57176540 2838
57207590 2839
57220465 2840
57222742 2841
57264778 2842
57313572 2843
57332611 2844
57334981 2845
57368769 2846
57377055 2847
57380815 2848
57397967 2849
57401713 2850
57432558 2851
57445616 2852
57471141 2853
57484444 2854
57495429 2855
57512647 2856
57523898 2857
57580127 2858
57580803 2859
57606837 2860
57634747 2861
57647562 2862
57650667 2863
57691079 2864
57725488 2865
57814253 2866
57816127 2867
57844103 2868
57857366 2869
57886774 2870
57921353 2871
57954319 2872
57995927 2873
58010941 2874
58018327 2875
58027578 2876
58043091 2877
58064080 2878
58066774 2879
58089783 2880
58111943 2881
58122910 2882
58124833 2883
58132621 2884
58188772 2885
58197627 2886
58218207 2887
58233044 2888
58233252 2889
58248435 2890
58296377 2891
58328693 2892
58330135 2893
58357378 2894
58372026 2895
58391714 2896
58403594 2897
58409009 2898
58419473 2899
58422166 2900
58446659 2901
58447806 2902
58465302 2903
58488986 2904
58491771 2905
58566419 2906
58579275 2907
58585266 2908
58600564 2909
58609433 2910
58614698 2911
58629343 2912
58635850 2913
58717390 2914
58731908 2915
58738841 2916
58764198 2917
58796667 2918
58815377 2919
58858207 2920
58873612 2921
58885862 2922
58896080 2923
58897934 2924
58920893 2925
58952526 2926
58979017 2927
58994465 2928
58997381 2929
59025314 2930
59037280 2931
59042786 2932
59044818 2933
59064891 2934
59071123 2935
59085754 2936
59092579 2937
59109011 2938
59111076 2939
59119488 2940
59122228 2941
59129926 2942
59144687 2943
59185443 2944
59190826 2945
59249747 2946
59308180 2947
59334573 2948
59346862 2949
59351331 2950
59358429 2951
59413055 2952
59475381 2953
59476357 2954
59476627 2955
59477061 2956
59484509 2957
59543213 2958
59556042 2959
59596312 2960
59647316 2961
59661340 2962
59681375 2963
59696648 2964
59713551 2965
59727448 2966
59728311 2967
59781493 2968
59804678 2969
59806378 2970
59814515 2971
59832112 2972
59880320 2973
59896850 2974
59901943 2975
59979994 2976
59997773 2977
60000264 2978
60027955 2979
60035568 2980
60058388 2981
60077974 2982
60079203 2983
60105438 2984
60123346 2985
60130699 2986
60157794 2987
60173373 2988
60173959 2989
60237463 2990
60275017 2991
60282491 2992
60294436 2993
60315156 2994
60323732 2995
60355387 2996
60356476 2997
60388967 2998
60397781 2999
60401716 3000
60409026 3001
60415309 3002
60434651 3003
60448778 3004
60451123 3005
60452184 3006
60527688 3007
60569284 3008
60576375 3009
60592731 3010
60598260 3011
60598712 3012
60624844 3013
60686851 3014
60712763 3015
60715916 3016
60736916 3017
60755298 3018
60768678 3019
60804493 3020
60849807 3021
60862733 3022
60871456 3023
60878099 3024
60880836 3025
60887497 3026
60888165 3027
60921672 3028
60945241 3029
60964753 3030
60983637 3031
61026123 3032
61028576 3033
61045197 3034
61063334 3035
61071991 3036
61077046 3037
61088820 3038
61126083 3039
61141255 3040
61153782 3041
61192780 3042
61198620 3043
61202655 3044
61225079 3045
61262118 3046
61264760 3047
61267374 3048
61270794 3049
61275957 3050
61391500 3051
61400675 3052
61410523 3053
61455479 3054
61457386 3055
61472037 3056
61500356 3057
61510785 3058
61546275 3059
61551711 3060
61573516 3061
61589071 3062
61654098 3063
61668530 3064
61697004 3065
61698472 3066
61704401 3067
61728518 3068
61732242 3069
61739154 3070
61765480 3071
61834103 3072
61846054 3073
61848867 3074
61863709 3075
61869200 3076
61900387 3077
61939706 3078
61954655 3079
61957990 3080
61964509 3081
61978535 3082
61996805 3083
62017698 3084
62021058 3085
62030498 3086
62044187 3087
62053639 3088
62090475 3089
62098353 3090
62109725 3091
62137682 3092
62143336 3093
62165984 3094
62173235 3095
62173997 3096
62210943 3097
62227820 3098
62241971 3099
62275142 3100
62290410 3101
62305598 3102
62323391 3103
62363353 3104
62408330 3105
62420912 3106
62423372 3107
62431854 3108
62438871 3109
62457119 3110
62490483 3111
62496014 3112
62513159 3113
62548260 3114
62549980 3115
62591645 3116
62610954 3117
62618561 3118
62647412 3119
62664460 3120
62666653 3121
62670339 3122
62678304 3123
62681004 3124
62686902 3125
62691243 3126
62692387 3127
62729470 3128
62810489 3129
62825885 3130
62829857 3131
62848661 3132
62860554 3133
62861466 3134
62870744 3135
62895293 3136
62925312 3137
62953275 3138
62963310 3139
62969105 3140
62979836 3141
62982976 3142
62992931 3143
63071058 3144
63071267 3145
63104938 3146
63108891 3147
63135567 3148
63139467 3149
63192119 3150
63196890 3151
63202566 3152
63204481 3153
63247949 3154
63248309 3155
63265472 3156
63270541 3157
63295118 3158
63305621 3159
63360571 3160
63373029 3161
63382568 3162
63389052 3163
63428694 3164
63430661 3165
63433946 3166
63442658 3167
63461684 3168
63472750 3169
63498662 3170
63512965 3171
63547981 3172
63552262 3173
63555967 3174
63560385 3175
63561125 3176
63600401 3177
63603589 3178
63614216 3179
63629648 3180
63631621 3181
63669824 3182
63670946 3183
63675101 3184
63733522 3185
63768487 3186
63768573 3187
63789813 3188
63802131 3189
63803859 3190
63872774 3191
63895828 3192
63916426 3193
63960819 3194
63965026 3195
63967462 3196
63974277 3197
63998511 3198
64001801 3199
64019752 3200
64034874 3201
64072704 3202
64095053 3203
64101454 3204
64115634 3205
64145366 3206
64150072 3207
64163786 3208
64210132 3209
64217678 3210
64223692 3211
64241905 3212
64283234 3213
64284632 3214
64324626 3215
64347354 3216
64350248 3217
64352051 3218
64362175 3219
64381439 3220
64386650 3221
64404956 3222
64416274 3223
64465513 3224
64479406 3225
64500095 3226
64503743 3227
64521005 3228
64521594 3229
64535638 3230
64558379 3231
64562492 3232
64573840 3233
64608680 3234
64618797 3235
64625983 3236
64627254 3237
64649730 3238
64657855 3239
64703065 3240
64703142 3241
64717354 3242
64739690 3243
64752821 3244
64766703 3245
64813044 3246
64824614 3247
64845010 3248
64858250 3249
64864364 3250
64865205 3251
64930795 3252
64938198 3253
64968966 3254
64988332 3255
65042688 3256
65065195 3257
65066037 3258
65072857 3259
65078277 3260
65081078 3261
65093877 3262
65113668 3263
65116907 3264
65155126 3265
65173098 3266
65196521 3267
65228636 3268
65245989 3269
65263438 3270
65265394 3271
65276849 3272
65279538 3273
65289047 3274
65300508 3275
65300702 3276
65305640 3277
65339846 3278
65358225 3279
65380101 3280
65381765 3281
65385321 3282
65416620 3283
65421253 3284
65422454 3285
65469052 3286
65478330 3287
65509653 3288
65519966 3289
65526789 3290
65549269 3291
65561451 3292
65569579 3293
65575724 3294
65579893 3295
65612551 3296
65649870 3297
65657016 3298
65676131 3299
65683374 3300
65700170 3301
65725563 3302
65727234 3303
65754814 3304
65792446 3305
65802520 3306
65806210 3307
65834479 3308
65867171 3309
65873479 3310
65896105 3311
65900376 3312
65913725 3313
65938510 3314
65955487 3315
65980276 3316
65993453 3317
66009069 3318
66012063 3319
66032681 3320
66033117 3321
66081219 3322
66101833 3323
66103412 3324
66107906 3325
66131580 3326
66132965 3327
66139137 3328
66182722 3329
66185827 3330
66197251 3331
66205743 3332
66275157 3333
66299296 3334
66381777 3335
66382714 3336
66452725 3337
66499077 3338
66509822 3339
66515731 3340
66584476 3341
66610459 3342
66624137 3343
66632246 3344
66638033 3345
66654245 3346
66655267 3347
66667396 3348
66677118 3349
66678855 3350
66744840 3351
66765727 3352
66766347 3353
66772873 3354
66781259 3355
66795302 3356
66820155 3357
66823681 3358
66852137 3359
66883050 3360
66916929 3361
66923168 3362
66940133 3363
66941869 3364
66944603 3365
66957760 3366
66982463 3367
66990991 3368
66997646 3369
67016735 3370
67027866 3371
67040265 3372
67142469 3373
67156055 3374
67165232 3375
67194085 3376
67244562 3377
67247874 3378
67271975 3379
67273767 3380
67298807 3381
67343040 3382
67384393 3383
67390135 3384
67424465 3385
67432674 3386
67448179 3387
67458150 3388
67486536 3389
67518043 3390
67534066 3391
67570221 3392
67590918 3393
67600469 3394
67602962 3395
67620215 3396
67637739 3397
67642838 3398
67704176 3399
67714922 3400
67729027 3401
67743653 3402
67747429 3403
67767576 3404
67783209 3405
67789444 3406
67796924 3407
67798670 3408
67800241 3409
67826476 3410
67833556 3411
67835848 3412
67850893 3413
67908747 3414
67938965 3415
67960752 3416
67977664 3417
67981499 3418
68024331 3419
68026149 3420
68026575 3421
68035184 3422
68041997 3423
68042832 3424
68043627 3425
68054630 3426
68080865 3427
68133045 3428
68143285 3429
68152745 3430
68155622 3431
68190448 3432
68204331 3433
68204663 3434
68206166 3435
68216514 3436
68262575 3437
68264061 3438
68270750 3439
68286964 3440
68326853 3441
68336845 3442
68337939 3443
68353832 3444
68389921 3445
68399623 3446
68410679 3447
68415299 3448
68432585 3449
68433262 3450
68465042 3451
68505352 3452
68530833 3453
68550013 3454
68585054 3455
68594593 3456
68648383 3457
68652050 3458
68666774 3459
68673972 3460
68681475 3461
68707923 3462
68712884 3463
68715661 3464
68757791 3465
68761226 3466
68788563 3467
68794154 3468
68800009 3469
68842201 3470
68845454 3471
68845465 3472
68852461 3473
68895608 3474
68902878 3475
68906965 3476
68937242 3477
69005118 3478
69016939 3479
69021157 3480
69035842 3481
69041488 3482
69065163 3483
69069449 3484
69082687 3485
69106991 3486
69114309 3487
69125913 3488
69136398 3489
69155235 3490
69164365 3491
69165815 3492
69167766 3493
69184874 3494
69207037 3495
69210085 3496
69232971 3497
69250933 3498
69274994 3499
69304434 3500
69326764 3501
69358371 3502
69364653 3503
69366585 3504
69376628 3505
69398237 3506
69413803 3507
69423257 3508
69490062 3509
69495212 3510
69506859 3511
69513844 3512
69530188 3513
69531505 3514
69563584 3515
69612701 3516
69666456 3517
69707663 3518
69768441 3519
69791215 3520
69802279 3521
69807963 3522
69831545 3523
69841762 3524
69905315 3525
69907669 3526
69979003 3527
70011259 3528
70035364 3529
70040744 3530
70051469 3531
70054645 3532
70054940 3533
70064879 3534
70069331 3535
70167005 3536
70204111 3537
70252449 3538
70295592 3539
70325846 3540
70326914 3541
70330895 3542
70338506 3543
70343691 3544
70349946 3545
70356561 3546
70363968 3547
70389093 3548
70467401 3549
70522150 3550
70527128 3551
70546047 3552
70547038 3553
70584885 3554
70611927 3555
70631223 3556
70658252 3557
70675218 3558
70684437 3559
70686935 3560
70690950 3561
70726220 3562
70770556 3563
70772938 3564
70785101 3565
70790133 3566
70841873 3567
70846647 3568
70849613 3569
70851277 3570
70856157 3571
70913181 3572
70920552 3573
70921708 3574
70926649 3575
70964901 3576
71025985 3577
71031792 3578
71055513 3579
71094118 3580
71114450 3581
71118116 3582
71127890 3583
71140711 3584
71171311 3585
71175453 3586
71176721 3587
71178999 3588
71190603 3589
71209322 3590
71241326 3591
71256200 3592
71262235 3593
71274735 3594
71283266 3595
71295175 3596
71297262 3597
71330718 3598
71341468 3599
71354020 3600
71354555 3601
71450571 3602
71493314 3603
71504875 3604
71531522 3605
71531783 3606
71539517 3607
71548590 3608
71567840 3609
71575862 3610
71578698 3611
71608423 3612
71638932 3613
71649500 3614
71654733 3615
71659539 3616
71666237 3617
71668148 3618
71686728 3619
71717720 3620
71732125 3621
71737932 3622
71781299 3623
71803308 3624
71846541 3625
71863833 3626
71869355 3627
71947998 3628
71964962 3629
71980640 3630
71991085 3631
72002516 3632
72003510 3633
72031090 3634
72046776 3635
72080033 3636
72095295 3637
72096183 3638
72138152 3639
72143418 3640
72147374 3641
72211787 3642
72243168 3643
72298901 3644
72317490 3645
72337553 3646
72356628 3647
72359880 3648
72362458 3649
72380965 3650
72401624 3651
72417080 3652
72439046 3653
72468690 3654
72479160 3655
72490122 3656
72491938 3657
72497216 3658
72503261 3659
72516207 3660
72532341 3661
72564958 3662
72598158 3663
72613047 3664
72613808 3665
72615250 3666
72648597 3667
72679317 3668
72713182 3669
72735990 3670
72748885 3671
72774628 3672
72779108 3673
72801409 3674
72815849 3675
72831055 3676
72881285 3677
72913009 3678
72919100 3679
72919317 3680
72954550 3681
72965560 3682
72999501 3683
73002245 3684
73016764 3685
73028986 3686
73061715 3687
73068520 3688
73093215 3689
73134657 3690
73141621 3691
73165339 3692
73181198 3693
73189965 3694
73223438 3695
73259701 3696
73289295 3697
73291423 3698
73309977 3699
73312743 3700
73313227 3701
73361064 3702
73362029 3703
73369076 3704
73374831 3705
73382568 3706
73387046 3707
73391340 3708
73394281 3709
73400153 3710
73417543 3711
73492260 3712
73505320 3713
73521858 3714
73523305 3715
73533400 3716
73543206 3717
73551180 3718
73639683 3719
73665929 3720
73680019 3721
73704562 3722
73723960 3723
73734663 3724
73742467 3725
73763731 3726
73815360 3727
73827203 3728
73831562 3729
73890525 3730
73914943 3731
73923138 3732
73954241 3733
73957153 3734
74016863 3735
74042313 3736
74059602 3737
74068146 3738
74093195 3739
74152419 3740
74207090 3741
74210159 3742
74218145 3743
74235522 3744
74256458 3745
74257667 3746
74303103 3747
74312517 3748
74319794 3749
74322945 3750
74346920 3751
74353886 3752
74378208 3753
74436391 3754
74441701 3755
74454979 3756
74477274 3757
74511330 3758
74543455 3759
74545237 3760
74553680 3761
74571195 3762
74576638 3763
74610586 3764
74644688 3765
74667962 3766
74675575 3767
74693085 3768
74700802 3769
74746545 3770
74753123 3771
74758318 3772
74778023 3773
74828100 3774
74849897 3775
74868185 3776
74887229 3777
74888650 3778
74942843 3779
74952725 3780
74978713 3781
74990249 3782
75034210 3783
75035194 3784
75081760 3785
75119463 3786
75128208 3787
75138870 3788
75153105 3789
75170398 3790
75187471 3791
75227544 3792
75231575 3793
75270170 3794
75281427 3795
75369699 3796
75371124 3797
75393202 3798
75394942 3799
75479335 3800
75497836 3801
75514149 3802
75531819 3803
75544665 3804
75569118 3805
75578093 3806
75594510 3807
75597141 3808
75598039 3809
75625411 3810
75708944 3811
75713054 3812
75731571 3813
75743241 3814
75749996 3815
75761471 3816
75790170 3817
75802613 3818
75803964 3819
75821134 3820
75912411 3821
75913545 3822
75922597 3823
75954393 3824
75955210 3825
75979601 3826
76024932 3827
76026954 3828
76033200 3829
76109729 3830
76133845 3831
76236102 3832
76249250 3833
76254785 3834
76273997 3835
76292251 3836
76316724 3837
76344170 3838
76353903 3839
76363327 3840
76378523 3841
76399410 3842
76412412 3843
76414127 3844
76465379 3845
76479465 3846
76480506 3847
76484424 3848
76484508 3849
76491762 3850
76495044 3851
76502714 3852
76542994 3853
76568911 3854
76578351 3855
76582541 3856
76594075 3857
76650374 3858
76668789 3859
76696467 3860
76707568 3861
76720689 3862
76750813 3863
76757947 3864
76765515 3865
76775497 3866
76782427 3867
76823910 3868
76869462 3869
76880575 3870
76916204 3871
76934950 3872
76952041 3873
76972035 3874
76985354 3875
77022270 3876
77037462 3877
77062197 3878
77114694 3879
77125200 3880
77127144 3881
77145532 3882
77164439 3883
77165873 3884
77179315 3885
77182119 3886
77206136 3887
77255443 3888
77268416 3889
77305121 3890
77312735 3891
77335214 3892
77375844 3893
77417610 3894
77446496 3895
77469423 3896
77507057 3897
77513432 3898
77539182 3899
77625391 3900
77669543 3901
77669675 3902
77745319 3903
77745835 3904
77757224 3905
77765964 3906
77805628 3907
77809085 3908
77822541 3909
77849699 3910
77854912 3911
77890072 3912
77890993 3913
77897033 3914
77899200 3915
77914825 3916
77942128 3917
77960244 3918
77998090 3919
78034684 3920
78043010 3921
78047736 3922
78054238 3923
78074492 3924
78120526 3925
78127082 3926
78139409 3927
78178382 3928
78221690 3929
78243145 3930
78246077 3931
78260100 3932
78263160 3933
78267745 3934
78348922 3935
78349256 3936
78374066 3937
78375461 3938
78407771 3939
78408219 3940
78428390 3941
78461908 3942
78466143 3943
78475363 3944
78518180 3945
78561806 3946
78580052 3947
78597033 3948
78617628 3949
78634832 3950
78643804 3951
78654673 3952
78667068 3953
78707532 3954
78725247 3955
78735138 3956
78741493 3957
78757573 3958
78776834 3959
78812291 3960
78831589 3961
78837190 3962
78918734 3963
78927899 3964
78945305 3965
78971533 3966
78974250 3967
78988219 3968
78988402 3969
79017830 3970
79047694 3971
79057029 3972
79057191 3973
79098105 3974
79148722 3975
79174307 3976
79180203 3977
79190655 3978
79231279 3979
79271591 3980
79312460 3981
79312667 3982
79323221 3983
79373410 3984
79387445 3985
79429943 3986
79453989 3987
79455037 3988
79471621 3989
79487683 3990
79534757 3991
79536187 3992
79544499 3993
79554434 3994
79612568 3995
79619960 3996
79624227 3997
79638798 3998
79659661 3999
79666003 4000
79682050 4001
79691038 4002
79719758 4003
79736019 4004
79743726 4005
79791859 4006
79802172 4007
79808625 4008
79817852 4009
79822217 4010
79822776 4011
79826343 4012
79842277 4013
79857879 4014
79931539 4015
79992675 4016
79995597 4017
80007653 4018
80031793 4019
80041579 4020
80074888 4021
80099685 4022
80114976 4023
80141186 4024
80154859 4025
80176411 4026
80221000 4027
80226763 4028
80232348 4029
80259810 4030
80287961 4031
80316006 4032
80321338 4033
80324799 4034
80332087 4035
80348653 4036
80356595 4037
80375801 4038
80383389 4039
80408526 4040
80425582 4041
80441444 4042
80577811 4043
80586984 4044
80594629 4045
80604785 4046
80638059 4047
80664353 4048
80670762 4049
80697260 4050
80732762 4051
80737661 4052
80792765 4053
80793699 4054
80805076 4055
80853596 4056
80857475 4057
80862338 4058
80863367 4059
80913301 4060
80920668 4061
80929340 4062
80955038 4063
81020234 4064
81020310 4065
81023498 4066
81026191 4067
81028819 4068
81044061 4069
81072274 4070
81101287 4071
81105057 4072
81105451 4073
81108339 4074
81117589 4075
81121428 4076
81179174 4077
81193991 4078
81212135 4079
81238735 4080
81330667 4081
81366436 4082
81397052 4083
81415291 4084
81416067 4085
81486436 4086
81534697 4087
81538432 4088
81552778 4089
81564279 4090
81640002 4091
81686501 4092
81725492 4093
81745380 4094
81751047 4095
81762080 4096
81768749 4097
81813492 4098
81831586 4099
81857643 4100
81872030 4101
81880587 4102
81887281 4103
81889569 4104
81905795 4105
81912743 4106
81919593 4107
81960977 4108
81967411 4109
81986653 4110
82004566 4111
82027210 4112
82076475 4113
82122170 4114
82155530 4115
82200397 4116
82203676 4117
82229366 4118
82235452 4119
82268804 4120
82300676 4121
82315869 4122
82361144 4123
82385037 4124
82404459 4125
82425115 4126
82425715 4127
82462246 4128
82474219 4129
82489531 4130
82490025 4131
82492818 4132
82494809 4133
82498568 4134
82508786 4135
82521734 4136
82569991 4137
82601264 4138
82669163 4139
82711992 4140
82713053 4141
82721327 4142
82758519 4143
82766666 4144
82782759 4145
82786661 4146
82867545 4147
82867641 4148
82904742 4149
82908601 4150
82971133 4151
82996162 4152
83003421 4153
83021068 4154
83027265 4155
83029338 4156
83040447 4157
83041708 4158
83062794 4159
83081746 4160
83100770 4161
83162109 4162
83190668 4163
83213449 4164
83237764 4165
83240101 4166
83256511 4167
83266456 4168
83292073 4169
83312466 4170
83321249 4171
83324802 4172
83327186 4173
83334895 4174
83356321 4175
83362316 4176
83363045 4177
83383533 4178
83408422 4179
83434098 4180
83442217 4181
83467949 4182
83484949 4183
83526837 4184
83533665 4185
83540627 4186
83552384 4187
83607488 4188
83643048 4189
83643969 4190
83678780 4191
83700690 4192
83708541 4193
83792618 4194
83804044 4195
83816622 4196
83826197 4197
83831981 4198
83844489 4199
83870131 4200
83890701 4201
83919174 4202
83923003 4203
83938511 4204
83978956 4205
83980980 4206
83987660 4207
84000177 4208
84019797 4209
84027587 4210
84060412 4211
84100310 4212
84128309 4213
84145306 4214
84158892 4215
84199952 4216
84217162 4217
84318164 4218
84335165 4219
84344376 4220
84372788 4221
84379901 4222
84403502 4223
84423431 4224
84457876 4225
84464781 4226
84473566 4227
84475096 4228
84488699 4229
84494320 4230
84516411 4231
84548264 4232
84653466 4233
84683036 4234
84683438 4235
84706856 4236
84750057 4237
84790013 4238
84819976 4239
84898788 4240
84898882 4241
84909806 4242
84952398 4243
84954373 4244
84959837 4245
84972716 4246
84975778 4247
84985478 4248
84987595 4249
85013791 4250
85018007 4251
85041676 4252
85061144 4253
85072598 4254
85104064 4255
85114042 4256
85134493 4257
85141905 4258
85170067 4259
85197822 4260
85197832 4261
85218012 4262
85218436 4263
85241471 4264
85252672 4265
85270163 4266
85274817 4267
85276338 4268
85279990 4269
85294373 4270
85295780 4271
85348187 4272
85365144 4273
85366135 4274
85379984 4275
85385940 4276
85389938 4277
85425766 4278
85430824 4279
85467961 4280
85533526 4281
85558258 4282
85599924 4283
85609371 4284
85622576 4285
85631114 4286
85651400 4287
85661941 4288
85663533 4289
85678833 4290
85709971 4291
85740455 4292
85743123 4293
85761185 4294
85772410 4295
85783264 4296
85806348 4297
85812037 4298
85816468 4299
85869258 4300
85898719 4301
85899228 4302
85912368 4303
85915463 4304
85980498 4305
85989262 4306
85991727 4307
86055909 4308
86063857 4309
86068417 4310
86081286 4311
86082076 4312
86094117 4313
86135661 4314
86141875 4315
86147203 4316
86161226 4317
86207462 4318
86209728 4319
86228517 4320
86233104 4321
86251331 4322
86280301 4323
86349928 4324
86400055 4325
86483526 4326
86495389 4327
86548360 4328
86574143 4329
86621396 4330
86694122 4331
86694429 4332
86699101 4333
86699672 4334
86704816 4335
86710477 4336
86718688 4337
86722408 4338
86735097 4339
86752549 4340
86777831 4341
86792386 4342
86867285 4343
86874280 4344
86930599 4345
86940361 4346
86943075 4347
86960089 4348
86973233 4349
86978777 4350
86997965 4351
87024424 4352
87048938 4353
87061934 4354
87068717 4355
87099592 4356
87117152 4357
87147657 4358
87147721 4359
87217470 4360
87238304 4361
87260879 4362
87270958 4363
87272316 4364
87280293 4365
87335392 4366
87349688 4367
87354557 4368
87441640 4369
87451120 4370
87465887 4371
87486148 4372
87565851 4373
87597123 4374
87605389 4375
87614474 4376
87657736 4377
87686279 4378
87705089 4379
87725927 4380
87726686 4381
87734177 4382
87752879 4383
87771453 4384
87771746 4385
87785763 4386
87790769 4387
87855791 4388
87874226 4389
87890071 4390
87902936 4391
87905178 4392
87909716 4393
87911616 4394
87930578 4395
87987537 4396
87993598 4397
87998379 4398
88001260 4399
88003486 4400
88010111 4401
88015944 4402
88076343 4403
88079371 4404
88090997 4405
88102899 4406
88173480 4407
88175767 4408
88225937 4409
88274349 4410
88276076 4411
88312451 4412
88321461 4413
88345380 4414
88346450 4415
88351980 4416
88389065 4417
88402855 4418
88405679 4419
88419060 4420
88430746 4421
88459885 4422
88497353 4423
88600729 4424
88628632 4425
88635730 4426
88669258 4427
88675345 4428
88680732 4429
88697987 4430
88771248 4431
88797435 4432
88810040 4433
88819528 4434
88826252 4435
88829383 4436
88911450 4437
88920648 4438
88931053 4439
88935221 4440
88935515 4441
88955673 4442
89009592 4443
89030320 4444
89074613 4445
89118718 4446
89133850 4447
89135035 4448
89139427 4449
89176976 4450
89183272 4451
89196078 4452
89204430 4453
89265361 4454
89282980 4455
89350412 4456
89357524 4457
89359339 4458
89371584 4459
89383568 4460
89387011 4461
89427458 4462
89429679 4463
89429796 4464
89455096 4465
89473074 4466
89533754 4467
89541183 4468
89552243 4469
89563598 4470
89581079 4471
89600220 4472
89627916 4473
89644331 4474
89663165 4475
89735109 4476
89735639 4477
89752475 4478
89776808 4479
89810771 4480
89910820 4481
89914733 4482
89938412 4483
89943612 4484
89944663 4485
90015459 4486
90024154 4487
90037162 4488
90039697 4489
90047242 4490
90060803 4491
90071223 4492
90096306 4493
90100353 4494
90117836 4495
90136882 4496
90149154 4497
90154970 4498
90173971 4499
90175716 4500
90181074 4501
90206796 4502
90210883 4503
90227418 4504
90258326 4505
90281285 4506
90301392 4507
90309982 4508
90320951 4509
90327697 4510
90353266 4511
90364525 4512
90366773 4513
90371715 4514
90371979 4515
90399187 4516
90457715 4517
90480707 4518
90484834 4519
90511621 4520
90522963 4521
90543008 4522
90546816 4523
90554017 4524
90556593 4525
90571032 4526
90575821 4527
90577875 4528
90583370 4529
90603682 4530
90608866 4531
90621634 4532
90648601 4533
90684279 4534
90707444 4535
90732140 4536
90741218 4537
90767535 4538
90782726 4539
90782950 4540
90793191 4541
90801766 4542
90810196 4543
90813407 4544
90830457 4545
90867605 4546
90872352 4547
90900009 4548
90902890 4549
90926639 4550
90926885 4551
90951608 4552
90995433 4553
91017524 4554
91037895 4555
91048517 4556
91077408 4557
91091717 4558
91100135 4559
91106403 4560
91122422 4561
91137427 4562
91138100 4563
91179645 4564
91208827 4565
91215398 4566
91244078 4567
91252164 4568
91307807 4569
91322871 4570
91347898 4571
91359530 4572
91395166 4573
91399277 4574
91403318 4575
91451956 4576
91470674 4577
91540279 4578
91554832 4579
91567066 4580
91567992 4581
91594152 4582
91612647 4583
91614341 4584
91631712 4585
91638688 4586
91652492 4587
91659628 4588
91670451 4589
91678106 4590
91714211 4591
91716321 4592
91725972 4593
91727770 4594
91728744 4595
91747742 4596
91758980 4597
91762354 4598
91793163 4599
91793629 4600
91802252 4601
91898826 4602
91909700 4603
91934362 4604
91934496 4605
91934593 4606
91943895 4607
91946756 4608
91957186 4609
91982866 4610
91999144 4611
92086119 4612
92096211 4613
92109330 4614
92130536 4615
92136836 4616
92140863 4617
92279720 4618
92280687 4619
92311770 4620
92344633 4621
92382885 4622
92396003 4623
92419747 4624
92427880 4625
92441023 4626
92493262 4627
92504144 4628
92524101 4629
92525650 4630
92555866 4631
92619485 4632
92668239 4633
92685640 4634
92700079 4635
92724718 4636
92728079 4637
92754336 4638
92768939 4639
92790251 4640
92812879 4641
92843701 4642
92871924 4643
92875406 4644
92895765 4645
92900879 4646
92912983 4647
92979749 4648
93034249 4649
93045491 4650
93052639 4651
93078470 4652
93079129 4653
93103098 4654
93104805 4655
93132838 4656
93215718 4657
93217766 4658
93228520 4659
93241792 4660
93253458 4661
93272536 4662
93282202 4663
93282348 4664
93282864 4665
93285482 4666
93332256 4667
93336904 4668
93355959 4669
93363840 4670
93366295 4671
93367137 4672
93395992 4673
93397176 4674
93419211 4675
93457704 4676
93463238 4677
93471910 4678
93489619 4679
93490649 4680
93496502 4681
93518124 4682
93557461 4683
93606318 4684
93624911 4685
93637616 4686
93650769 4687
93662784 4688
93671285 4689
93679430 4690
93703975 4691
93722001 4692
93755133 4693
93806945 4694
93830870 4695
93869454 4696
93900778 4697
93923102 4698
93945967 4699
93957157 4700
93991154 4701
93991730 4702
94012750 4703
94022042 4704
94036433 4705
94090431 4706
94107004 4707
94127261 4708
94149189 4709
94183817 4710
94265443 4711
94281134 4712
94292898 4713
94293119 4714
94298159 4715
94320517 4716
94358099 4717
94360791 4718
94400336 4719
94427949 4720
94439080 4721
94471173 4722
94560929 4723
94585030 4724
94606134 4725
94617527 4726
94625241 4727
94727300 4728
94749549 4729
94768833 4730
94778141 4731
94790258 4732
94807399 4733
94816525 4734
94821669 4735
94824346 4736
94854107 4737
94877209 4738
94931336 4739
94974190 4740
95026218 4741
95028790 4742
95040307 4743
95068180 4744
95075615 4745
95076789 4746
95078004 4747
95078188 4748
95080465 4749
95091983 4750
95106469 4751
95114546 4752
95119862 4753
95134243 4754
95155835 4755
95167644 4756
95179117 4757
95196990 4758
95214055 4759
95242843 4760
95251117 4761
95314367 4762
95318161 4763
95330265 4764
95340315 4765
95431210 4766
95431916 4767
95432068 4768
95432508 4769
95436299 4770
95447831 4771
95460126 4772
95469373 4773
95475037 4774
95476523 4775
95484258 4776
95488033 4777
95507700 4778
95553061 4779
95570105 4780
95663756 4781
95665845 4782
95670810 4783
95678812 4784
95683294 4785
95689074 4786
95697625 4787
95717139 4788
95767155 4789
95771018 4790
95831840 4791
95833669 4792
95858443 4793
95888273 4794
95901770 4795
95904547 4796
95919246 4797
95930808 4798
95995217 4799
96020786 4800
96026969 4801
96038639 4802
96099707 4803
96117466 4804
96119272 4805
96120463 4806
96131807 4807
96172307 4808
96174048 4809
96185830 4810
96211011 4811
96242498 4812
96273928 4813
96298555 4814
96304282 4815
96307401 4816
96334453 4817
96366041 4818
96430810 4819
96431337 4820
96540342 4821
96617656 4822
96637364 4823
96642575 4824
96657130 4825
96670602 4826
96674625 4827
96699399 4828
96701429 4829
96702903 4830
96734075 4831
96797015 4832
96805827 4833
96832110 4834
96843133 4835
96878392 4836
96939526 4837
96973356 4838
96980711 4839
96983795 4840
96989548 4841
96989557 4842
97000160 4843
97007058 4844
97019129 4845
97048512 4846
97067232 4847
97071803 4848
97090021 4849
97091890 4850
97100554 4851
97128927 4852
97134298 4853
97136292 4854
97144781 4855
97152123 4856
97165823 4857
97188285 4858
97211034 4859
97229496 4860
97235785 4861
97242705 4862
97260071 4863
97263527 4864
97268010 4865
97305744 4866
97326169 4867
97346182 4868
97378739 4869
97382438 4870
97409728 4871
97415191 4872
97457664 4873
97485907 4874
97501303 4875
97502578 4876
97514832 4877
97525557 4878
97569108 4879
97572801 4880
97582314 4881
97583778 4882
97601396 4883
97699189 4884
97708447 4885
97718731 4886
97722883 4887
97727849 4888
97730038 4889
97741204 4890
97756269 4891
97808712 4892
97821156 4893
97831831 4894
97840452 4895
97851543 4896
97852152 4897
97866801 4898
97872244 4899
97911842 4900
97935736 4901
97935877 4902
97955030 4903
97967141 4904
97973118 4905
97990669 4906
98018252 4907
98101009 4908
98123618 4909
98153546 4910
98177878 4911
98183517 4912
98209234 4913
98217674 4914
98240331 4915
98240582 4916
98260933 4917
98267610 4918
98268952 4919
98272935 4920
98293269 4921
98330751 4922
98330873 4923
98384743 4924
98394575 4925
98436154 4926
98436785 4927
98469810 4928
98511133 4929
98531487 4930
98548007 4931
98568006 4932
98571550 4933
98583013 4934
98619589 4935
98656098 4936
98679075 4937
98679189 4938
98682348 4939
98698618 4940
98714826 4941
98729202 4942
98740409 4943
98771173 4944
98773014 4945
98840005 4946
98881605 4947
98919915 4948
98924208 4949
98959541 4950
98960143 4951
98981370 4952
98987799 4953
98996694 4954
98999996 4955
99000621 4956
99017210 4957
99030532 4958
99049328 4959
99150708 4960
99212739 4961
99251425 4962
99252153 4963
99260533 4964
99262460 4965
99279923 4966
99295045 4967
99302867 4968
99338879 4969
99338880 4970
99345750 4971
99350441 4972
99452103 4973
99463378 4974
99492028 4975
99500075 4976
99512125 4977
99538547 4978
99541683 4979
99570175 4980
99592610 4981
99617381 4982
99630287 4983
99638440 4984
99658956 4985
99664141 4986
99673082 4987
99682447 4988
99690049 4989
99692850 4990
99710017 4991
99734437 4992
99779076 4993
99780879 4994
99785405 4995
99798617 4996
99867688 4997
99886101 4998
99992014 4999
