5000
6171862 0
89060614 1
65414251 2
73979654 3
51281648 4
41155976 5
13845270 6
85537723 7
2611766 8
95886899 9
27277673 10
17680907 11
29944758 12
17264524 13
8611102 14
83208180 15
9901473 16
83911242 17
61384235 18
42949035 19
55737374 20
4494850 21
77740877 22
67103982 23
75500171 24
51857320 25
6420324 26
76638177 27
98575846 28
1016819 29
68528672 30
21229875 31
34227791 32
35947996 33
51941901 34
73064879 35
45713232 36
388614 37
8859125 38
43713218 39
70326110 40
4844323 41
71968623 42
928005 43
69593570 44
33769516 45
60975459 46
89119039 47
90334883 48
97098692 49
23530857 50
34969283 51
77699446 52
48460678 53
60680797 54
70004407 55
71221414 56
3240086 57
56369769 58
44893370 59
63174378 60
88511767 61
45049954 62
79307100 63
65690205 64
24179163 65
86324546 66
51719871 67
97296006 68
92267600 69
91591276 70
74191923 71
6604564 72
89426143 73
15985968 74
21986043 75
15180984 76
95089001 77
38600853 78
65030953 79
50066732 80
56278314 81
80010105 82
41036152 83
31922180 84
87794395 85
58872478 86
75877456 87
73775893 88
41144341 89
39368840 90
26355873 91
32010438 92
41083677 93
44444167 94
60992060 95
4500571 96
983836 97
40012975 98
48965609 99
17169053 100
28567841 101
13492432 102
26079472 103
17258132 104
26038332 105
59499830 106
90543722 107
75734269 108
86043235 109
19305988 110
1344024 111
41298071 112
4997959 113
92484019 114
46928991 115
43009095 116
46411051 117
81719375 118
6568207 119
26123686 120
13209407 121
37307448 122
40262628 123
72162608 124
63450072 125
63615093 126
55434494 127
79375859 128
10357881 129
58329786 130
65592210 131
87278144 132
37495538 133
40966164 134
96709667 135
93892276 136
91971468 137
50500827 138
69899977 139
95003840 140
34847621 141
15122730 142
47182839 143
27743611 144
99161714 145
94761811 146
30450483 147
37848736 148
37403959 149
38163715 150
16175643 151
62101768 152
52553274 153
51405787 154
11158029 155
7704150 156
33922435 157
67447270 158
13470381 159
18508351 160
68010365 161
83491785 162
49904562 163
21386387 164
37428385 165
76804601 166
15356909 167
73746572 168
53741557 169
70291944 170
36786087 171
37939734 172
69802080 173
43933455 174
32502425 175
9979017 176
40415525 177
11443579 178
29874429 179
15491308 180
29475687 181
65021101 182
885684 183
45468590 184
79169669 185
75005936 186
55839468 187
14112373 188
40550375 189
32211241 190
65078875 191
49863692 192
16321603 193
2988843 194
48944581 195
67343238 196
16203976 197
7157742 198
32940013 199
62447938 200
74798704 201
79303487 202
4652247 203
14511657 204
80744144 205
18883494 206
4256490 207
32297704 208
26437881 209
22790184 210
59317360 211
24527953 212
53122488 213
22070478 214
69617057 215
73054061 216
32820506 217
98962406 218
56044694 219
75215593 220
51950325 221
96447471 222
73076527 223
87881341 224
27017610 225
49942879 226
26086263 227
97005998 228
39937515 229
74147493 230
16272688 231
45342745 232
17702774 233
47134199 234
79905015 235
84229746 236
27028271 237
12408079 238
38350506 239
36096622 240
72467596 241
39225883 242
31855943 243
53657442 244
1844635 245
98866259 246
40635580 247
18179981 248
56994341 249
80461389 250
58101520 251
6219331 252
68824319 253
99801332 254
50951566 255
77281257 256
28694520 257
45643683 258
62190416 259
96983928 260
17140463 261
52426276 262
56829545 263
91542477 264
95918259 265
74987065 266
97585643 267
49973796 268
83901543 269
31232589 270
99076982 271
59319381 272
95773936 273
34231817 274
80744531 275
21104021 276
78240902 277
2401842 278
10055147 279
35805133 280
14308257 281
31295158 282
22485287 283
37327082 284
64411056 285
42804665 286
55938867 287
3960830 288
7570015 289
37868758 290
78371822 291
13118375 292
9628120 293
63892035 294
94028450 295
59031329 296
47606548 297
94142705 298
92699525 299
47817811 300
41701506 301
67992835 302
32480922 303
98407154 304
9885659 305
3526100 306
42807772 307
94801279 308
43596302 309
4037060 310
8913526 311
67374660 312
57974980 313
79236583 314
69256379 315
74355123 316
42421556 317
92198744 318
99770339 319
54031113 320
50688045 321
24674541 322
92059290 323
46166864 324
82672053 325
20395361 326
34830329 327
48434381 328
7054986 329
78606272 330
63989748 331
9273872 332
52116394 333
41127334 334
16068028 335
26764350 336
69238681 337
78176096 338
27095222 339
38235358 340
6916428 341
56820574 342
25858124 343
9468386 344
62149621 345
54720342 346
99935475 347
16482757 348
95551030 349
42797728 350
6588191 351
39659344 352
57817172 353
40441108 354
75978271 355
7359132 356
28224960 357
38799311 358
41153330 359
93213369 360
83824941 361
12811537 362
24922262 363
87976495 364
42279284 365
86504384 366
3441092 367
64021101 368
45190479 369
12100557 370
52661453 371
30113114 372
55956592 373
80024926 374
50491494 375
38131361 376
31618775 377
50206498 378
34554402 379
34249787 380
95258772 381
16805995 382
47365556 383
25955036 384
44064171 385
80178832 386
77906819 387
74952999 388
6849180 389
36100434 390
55057581 391
3768944 392
53774484 393
26334503 394
60739999 395
51560068 396
82619574 397
34104302 398
64835128 399
56379880 400
74712100 401
23438192 402
914897 403
49445790 404
39781475 405
69899905 406
9685801 407
20039543 408
43137275 409
58371877 410
86449143 411
36825822 412
87043398 413
77322541 414
82176085 415
98729142 416
44587814 417
79408557 418
3201680 419
81500709 420
50731249 421
86014187 422
60334184 423
15362859 424
12935369 425
84260017 426
37381811 427
88238605 428
90714652 429
78689404 430
32930900 431
47360665 432
3209892 433
23317963 434
57582018 435
25741271 436
34361120 437
48310320 438
23208060 439
85716000 440
43084916 441
16321915 442
69158538 443
4468005 444
83925263 445
60521566 446
425163 447
83321746 448
81790122 449
5375182 450
66563806 451
64409366 452
64894685 453
21045923 454
11891111 455
78655809 456
18030673 457
81383846 458
46704704 459
14290244 460
41187654 461
55305207 462
89692650 463
30347816 464
72267236 465
95567908 466
9352127 467
7825006 468
83823573 469
62467771 470
30922304 471
90800875 472
33914918 473
54906634 474
12422960 475
38990866 476
2264735 477
65051801 478
94861598 479
40895772 480
63592991 481
61521978 482
24091353 483
68352407 484
11303766 485
2327821 486
51428861 487
78556956 488
86082413 489
54314720 490
5431848 491
5868049 492
17712850 493
83665777 494
66051124 495
27189264 496
58095923 497
92665542 498
24777953 499
28140008 500
99188308 501
29589671 502
29941642 503
62722833 504
70390752 505
20583416 506
43651222 507
42348428 508
98069213 509
55901643 510
94668613 511
56533005 512
90315840 513
9689023 514
28273162 515
17999017 516
69484276 517
54172360 518
68961265 519
89710558 520
46888701 521
36044945 522
30927716 523
76276985 524
98593058 525
5312874 526
32073697 527
65513903 528
20926385 529
31294927 530
88080329 531
44195046 532
67590416 533
73714074 534
42730760 535
18624835 536
88313635 537
44810847 538
60177733 539
34387455 540
88531263 541
1641836 542
11401065 543
98399971 544
15046976 545
76390130 546
29719520 547
68691309 548
97832887 549
11366415 550
34018030 551
96151500 552
28002362 553
62171146 554
68097703 555
52845090 556
85578353 557
64316503 558
55710468 559
68896570 560
5539587 561
37654026 562
86422161 563
57168265 564
27970047 565
97625034 566
76987442 567
53918217 568
32635549 569
13743911 570
7293133 571
77315540 572
28633017 573
64502594 574
52078595 575
81314045 576
66872161 577
37036011 578
82175084 579
77499801 580
33978823 581
70161609 582
58721815 583
47881391 584
79591738 585
87957696 586
75914021 587
70538077 588
94466476 589
2326632 590
97743282 591
94859179 592
89403168 593
33014372 594
97114956 595
56461550 596
39637736 597
92915919 598
81960038 599
44361489 600
4032485 601
47059273 602
93963641 603
58674299 604
61735069 605
49396206 606
36167903 607
56142652 608
46466823 609
91790101 610
64457233 611
59489956 612
68341375 613
6025785 614
42906657 615
28350928 616
27763492 617
2852530 618
84957358 619
80176636 620
48849233 621
30751663 622
36599552 623
40434850 624
8521101 625
73229064 626
57085422 627
87083599 628
33145451 629
59149761 630
15473630 631
80042548 632
52286819 633
11661283 634
74522169 635
13925048 636
12083039 637
7760236 638
33346763 639
59887995 640
79140956 641
30298905 642
29554105 643
24843759 644
52557357 645
70706811 646
59377282 647
90464286 648
44297477 649
34579134 650
37868829 651
52461654 652
94700780 653
32044380 654
83632671 655
60229693 656
84229034 657
59221496 658
12767826 659
82401099 660
90607664 661
21037363 662
3730894 663
28181619 664
92138293 665
48496961 666
85051147 667
94676056 668
31672614 669
18706663 670
20932246 671
10892173 672
78804834 673
64216976 674
52775702 675
7834953 676
17435510 677
50161364 678
37633717 679
17803304 680
32152508 681
59080924 682
40830488 683
72072890 684
20803633 685
719384 686
7783859 687
94713488 688
30049074 689
67625263 690
39566437 691
21080903 692
86079880 693
80480174 694
31856021 695
3339153 696
10060497 697
36006026 698
28343406 699
7370462 700
76708298 701
41885784 702
60862812 703
39803472 704
17751607 705
27934114 706
23912985 707
30094505 708
17087635 709
8715523 710
33558421 711
83137953 712
79764949 713
70246630 714
23394436 715
10090677 716
28021250 717
50816848 718
90826017 719
65008373 720
47523996 721
85136439 722
192354 723
88943093 724
4260311 725
7544272 726
13732813 727
73725440 728
98254646 729
51561805 730
40933001 731
99260687 732
14245776 733
67860911 734
67506885 735
7292908 736
22828931 737
59843747 738
72259418 739
48113938 740
68987598 741
54526869 742
47983442 743
41309215 744
19450788 745
62359994 746
5294898 747
83159405 748
77513070 749
10302825 750
53209554 751
99358276 752
11839321 753
75620832 754
95382684 755
98028129 756
11257161 757
35576199 758
40073244 759
25224707 760
6917993 761
57123710 762
83962712 763
50307363 764
51124315 765
60820123 766
46532959 767
94573368 768
59457333 769
76375623 770
69755941 771
1641845 772
59032831 773
33991336 774
12304659 775
47397313 776
64207583 777
78085995 778
77955204 779
93812791 780
50280034 781
93717099 782
85448110 783
12256703 784
27846711 785
20574601 786
44399846 787
78710107 788
12450890 789
29374351 790
37375468 791
26760682 792
26710321 793
32780790 794
64070922 795
81254772 796
25064212 797
23327326 798
9624743 799
8736114 800
7064565 801
81575459 802
25066830 803
70716360 804
8592686 805
56753336 806
85770400 807
50093496 808
12594061 809
91186278 810
2723881 811
29777715 812
68635225 813
25751225 814
97534123 815
44084957 816
97678023 817
53455735 818
88582137 819
74352765 820
79840313 821
54597828 822
28581275 823
39641103 824
72063216 825
31442340 826
74324482 827
79109590 828
89447869 829
59653065 830
85605676 831
4917887 832
66150638 833
1527951 834
99323830 835
10416785 836
50619136 837
85162499 838
36648385 839
47862830 840
93963152 841
96770408 842
8782060 843
2426732 844
82365952 845
95634853 846
75941479 847
14927134 848
12178164 849
43286788 850
58266451 851
40479462 852
91325882 853
51202825 854
68530800 855
77377626 856
82247355 857
63531133 858
10213976 859
8191990 860
82489990 861
42973936 862
92143118 863
80997214 864
11305298 865
37616537 866
15689707 867
80734254 868
39903310 869
4217487 870
24845181 871
99349781 872
83676253 873
50731646 874
26857663 875
98316171 876
61011164 877
73602734 878
33648981 879
62472169 880
56492287 881
29336247 882
22503635 883
55290324 884
34186065 885
99860925 886
39850287 887
61936401 888
31082349 889
81903584 890
58280084 891
73866844 892
88707396 893
57108684 894
60754704 895
41120142 896
60324266 897
69114299 898
40187307 899
2886128 900
70443989 901
641582 902
45683616 903
76331741 904
92299898 905
18078236 906
56820724 907
31648761 908
49007163 909
76597551 910
62874409 911
5235779 912
82538949 913
33844544 914
72727638 915
15405255 916
7444701 917
5537475 918
81769454 919
10036252 920
42401301 921
29524614 922
62675760 923
78316221 924
84664336 925
5413520 926
77013150 927
13907839 928
50495823 929
50300929 930
9246320 931
24433357 932
68155556 933
58393778 934
47874698 935
99497516 936
23072189 937
97850412 938
18519392 939
11965368 940
6594575 941
31322214 942
56116523 943
32408307 944
52480304 945
52269668 946
25364520 947
50064623 948
67406320 949
42731745 950
39675179 951
63864744 952
61043695 953
25889071 954
90920593 955
3732957 956
47623125 957
43354695 958
69296511 959
65836205 960
70952272 961
90244516 962
35134220 963
1875265 964
36050281 965
85840003 966
4229315 967
6315601 968
88545957 969
90315905 970
88378909 971
55123244 972
76508430 973
9501444 974
69791373 975
51781620 976
18242374 977
79839149 978
31867778 979
55063238 980
62398182 981
68637913 982
41229080 983
39109374 984
67056050 985
55127427 986
84413091 987
98930392 988
86643987 989
21799983 990
94995952 991
41525722 992
81101295 993
24461906 994
73898849 995
18958479 996
87674262 997
9467217 998
29006856 999
61774644 1000
22810863 1001
40109763 1002
41015929 1003
39326622 1004
6447392 1005
1571746 1006
40132583 1007
31145569 1008
91991117 1009
55485798 1010
85301659 1011
16716998 1012
3578372 1013
54691017 1014
38324975 1015
47914616 1016
63231256 1017
31816007 1018
85425780 1019
61730282 1020
84812211 1021
92606651 1022
82459693 1023
10889779 1024
29545869 1025
16708559 1026
13524681 1027
71527909 1028
26334094 1029
25400053 1030
2140212 1031
34725607 1032
79073429 1033
42482514 1034
34533490 1035
60626530 1036
67857792 1037
24719927 1038
43273978 1039
52464355 1040
7358244 1041
20537792 1042
65239829 1043
18202836 1044
73307301 1045
30289539 1046
75877196 1047
33691447 1048
66162630 1049
94963003 1050
85547757 1051
84094547 1052
45194688 1053
42741475 1054
79558873 1055
89666855 1056
20512963 1057
78248464 1058
89684844 1059
95646828 1060
43343729 1061
75382105 1062
26815570 1063
41033664 1064
30129367 1065
10132210 1066
50016444 1067
19766839 1068
28511800 1069
83202882 1070
38284974 1071
4019218 1072
43586217 1073
12427566 1074
5903951 1075
25623900 1076
29238966 1077
76944915 1078
31262886 1079
364455 1080
79218345 1081
81641469 1082
11269553 1083
97775336 1084
1877486 1085
42679701 1086
26007758 1087
48943124 1088
66821488 1089
88728992 1090
59349844 1091
20414012 1092
12988298 1093
19017111 1094
53797740 1095
16285133 1096
75692077 1097
57107320 1098
89731056 1099
88458191 1100
54138864 1101
53360852 1102
57798590 1103
33291461 1104
97999929 1105
2992592 1106
28286618 1107
17277238 1108
48361805 1109
12323430 1110
22270595 1111
49660862 1112
27331441 1113
65054540 1114
72815707 1115
18561563 1116
40975692 1117
81271970 1118
52435386 1119
95910615 1120
85047064 1121
19778860 1122
43078253 1123
52588826 1124
96471220 1125
86119913 1126
69370107 1127
4738183 1128
23740139 1129
59086766 1130
23228904 1131
45956929 1132
65795902 1133
70370255 1134
34760926 1135
37540890 1136
60445057 1137
2146690 1138
7131529 1139
81419264 1140
57111758 1141
96631505 1142
71068355 1143
53319166 1144
19655870 1145
75402722 1146
74924052 1147
53087857 1148
43620146 1149
31649218 1150
46433869 1151
21265935 1152
27242328 1153
61774637 1154
64416079 1155
36492764 1156
91472526 1157
80794522 1158
99465224 1159
50396259 1160
75726371 1161
76852975 1162
58658746 1163
40395317 1164
67876301 1165
24317862 1166
60390515 1167
90534909 1168
19640753 1169
36695551 1170
19409510 1171
93084500 1172
69296125 1173
65855132 1174
63968913 1175
30638253 1176
7511633 1177
71317140 1178
14973881 1179
50243543 1180
64310780 1181
77406767 1182
38901484 1183
60245764 1184
58135927 1185
81483202 1186
30638200 1187
78469760 1188
53214107 1189
60693214 1190
82743320 1191
90456366 1192
3552217 1193
66774728 1194
3664741 1195
20439723 1196
91146341 1197
88468515 1198
4478487 1199
18048766 1200
76481794 1201
33803603 1202
45491901 1203
99273981 1204
80849614 1205
95888252 1206
52693369 1207
23747695 1208
78889398 1209
77967599 1210
69694686 1211
43456764 1212
45859671 1213
66102775 1214
8515535 1215
81125609 1216
4975335 1217
15714163 1218
35157483 1219
5712615 1220
84390940 1221
72125135 1222
19691680 1223
54530086 1224
86609345 1225
90238213 1226
76351593 1227
84738519 1228
281920 1229
20270396 1230
72702274 1231
40964534 1232
20483481 1233
28973419 1234
37806177 1235
87815820 1236
62143526 1237
58465834 1238
99572903 1239
54716089 1240
2188344 1241
9609239 1242
42855021 1243
95703567 1244
52594960 1245
30072638 1246
90263359 1247
36032317 1248
5712724 1249
18558395 1250
44563602 1251
42191590 1252
42668566 1253
25243940 1254
2957981 1255
32057434 1256
51511427 1257
58124949 1258
58465834 1259
59368081 1260
48938857 1261
72647753 1262
13466189 1263
7923644 1264
45043323 1265
50385430 1266
31266924 1267
64686145 1268
44154513 1269
84042063 1270
12678551 1271
33609577 1272
92186746 1273
37544320 1274
63202136 1275
61439192 1276
79753846 1277
4578371 1278
40052419 1279
29817008 1280
50421332 1281
47180644 1282
96927148 1283
35159857 1284
85039683 1285
61577520 1286
53238359 1287
8575167 1288
38822736 1289
73908963 1290
16037318 1291
99542547 1292
70323068 1293
30509617 1294
61381680 1295
35153624 1296
86432767 1297
37522446 1298
6159022 1299
30986844 1300
67605802 1301
28294915 1302
44134184 1303
91603849 1304
58158690 1305
71391280 1306
40501069 1307
94018636 1308
89414690 1309
70893169 1310
23823577 1311
41131090 1312
2259702 1313
49943580 1314
34488079 1315
33851331 1316
45381156 1317
63298402 1318
51220349 1319
67449825 1320
51270672 1321
18790337 1322
39588117 1323
91448593 1324
90025214 1325
89042955 1326
19022261 1327
45379251 1328
95370611 1329
56146218 1330
27915210 1331
19571544 1332
86223387 1333
5070815 1334
2592502 1335
5269778 1336
78467638 1337
68425551 1338
44762566 1339
29304742 1340
7631047 1341
73337343 1342
89909377 1343
52682348 1344
94669609 1345
31261657 1346
57826522 1347
97192763 1348
38405137 1349
82499584 1350
82914329 1351
7875042 1352
84486896 1353
93373287 1354
22563947 1355
24849465 1356
10420141 1357
72888224 1358
72844016 1359
37061120 1360
81984864 1361
39800320 1362
7777051 1363
44193645 1364
22625833 1365
28909141 1366
18247280 1367
1027638 1368
17839646 1369
17709652 1370
58878718 1371
63116527 1372
9268665 1373
22336430 1374
38759489 1375
66241919 1376
91363880 1377
49839263 1378
66526295 1379
77089123 1380
68518981 1381
32559076 1382
45074683 1383
67441685 1384
83182672 1385
24899123 1386
48727301 1387
19435964 1388
85710778 1389
23421686 1390
14085488 1391
95612923 1392
24551118 1393
95496573 1394
36024784 1395
82049418 1396
13781680 1397
16484256 1398
24148951 1399
85195350 1400
25550665 1401
35172617 1402
97229707 1403
18006991 1404
51484436 1405
58984014 1406
58243994 1407
78037473 1408
33757270 1409
58453015 1410
19539719 1411
90859642 1412
84981816 1413
10240388 1414
55167438 1415
16706926 1416
70794173 1417
22293122 1418
17427373 1419
69737009 1420
310512 1421
16358535 1422
70420611 1423
68988362 1424
5735727 1425
77068322 1426
81091479 1427
32600908 1428
86964009 1429
34879874 1430
51133032 1431
65748259 1432
24948672 1433
60632867 1434
83772712 1435
48551184 1436
23001302 1437
12257606 1438
83918291 1439
48797075 1440
6685462 1441
83778428 1442
28274129 1443
84097453 1444
16439418 1445
88557118 1446
47408577 1447
22706794 1448
73816397 1449
10587256 1450
34340855 1451
56299066 1452
11099802 1453
47305114 1454
14721405 1455
40775741 1456
21163410 1457
22541716 1458
97808637 1459
66941627 1460
7948771 1461
75874680 1462
73050041 1463
34201318 1464
13232189 1465
48423226 1466
57213404 1467
90241409 1468
25300419 1469
53011942 1470
98773763 1471
26141566 1472
1819888 1473
66506384 1474
91605902 1475
17509835 1476
82991213 1477
72565037 1478
49229237 1479
16032372 1480
74713787 1481
17673524 1482
43080486 1483
82806205 1484
34478713 1485
71013191 1486
99865119 1487
35019660 1488
38220022 1489
95226119 1490
5276505 1491
91870514 1492
41561207 1493
16244719 1494
12963338 1495
72728116 1496
26934965 1497
1530102 1498
89452832 1499
79070335 1500
32758357 1501
18492047 1502
20424448 1503
22881867 1504
78569917 1505
33217703 1506
96404592 1507
68294816 1508
49990965 1509
70500607 1510
22671992 1511
58238169 1512
90322001 1513
33844091 1514
90263195 1515
63979621 1516
49241995 1517
9746164 1518
88967058 1519
40637898 1520
30808216 1521
48805081 1522
19604152 1523
53697037 1524
58465834 1525
57314152 1526
78639915 1527
10239678 1528
66960455 1529
46354286 1530
81779199 1531
57851659 1532
51931844 1533
1138313 1534
53814631 1535
37801292 1536
27958445 1537
56927405 1538
87209384 1539
81597167 1540
92067251 1541
96791097 1542
20595382 1543
54323892 1544
3999961 1545
13958803 1546
80463953 1547
92945838 1548
15410442 1549
98772265 1550
32203688 1551
18123161 1552
97382449 1553
14534834 1554
12734662 1555
10104837 1556
46493553 1557
70179309 1558
17566434 1559
91890319 1560
46366027 1561
15388843 1562
73491660 1563
1462904 1564
39457176 1565
24649294 1566
72542121 1567
80030365 1568
52062806 1569
70110611 1570
24146367 1571
56133537 1572
52658106 1573
91787559 1574
52711205 1575
79800748 1576
67155027 1577
32220732 1578
67759561 1579
49713791 1580
47912561 1581
27939683 1582
47340404 1583
98849733 1584
46792260 1585
73521120 1586
98986176 1587
29986168 1588
13778401 1589
5378895 1590
9256765 1591
98203185 1592
73109360 1593
3608080 1594
37655637 1595
38694924 1596
39853721 1597
91925690 1598
20331741 1599
24812040 1600
6015917 1601
83433165 1602
32831497 1603
79478154 1604
26798238 1605
74395005 1606
39079194 1607
87498536 1608
60197969 1609
37253565 1610
42007280 1611
32832644 1612
81630270 1613
24109087 1614
59598090 1615
79639807 1616
87216273 1617
850583 1618
4176246 1619
29060665 1620
12610655 1621
41221798 1622
8133164 1623
67315867 1624
87789710 1625
12884094 1626
45230012 1627
16022300 1628
87633042 1629
24001383 1630
89118213 1631
62023893 1632
32527720 1633
22851526 1634
97853636 1635
76947150 1636
62616840 1637
22183453 1638
59166167 1639
55641085 1640
76269963 1641
57035338 1642
6425059 1643
17757331 1644
38138256 1645
20227319 1646
48378662 1647
98984904 1648
68376978 1649
98696506 1650
90628684 1651
57648111 1652
20387441 1653
45954259 1654
82830585 1655
67484962 1656
48311490 1657
31094458 1658
31852341 1659
18150230 1660
21897229 1661
85750955 1662
23461635 1663
73696606 1664
35091851 1665
71793867 1666
16158090 1667
8147086 1668
6064096 1669
99946509 1670
16001989 1671
19498140 1672
98550388 1673
43969228 1674
5306812 1675
2095297 1676
5596203 1677
77801504 1678
82142729 1679
18918291 1680
90229725 1681
99639792 1682
67950725 1683
11839792 1684
55536713 1685
97036496 1686
44325360 1687
21598043 1688
26760620 1689
91540209 1690
73303202 1691
74772821 1692
36793525 1693
61175639 1694
35410237 1695
62899227 1696
49058071 1697
95391040 1698
91804176 1699
51412465 1700
64564928 1701
13343505 1702
7920686 1703
70946340 1704
53680223 1705
36413100 1706
41451037 1707
90982620 1708
90656794 1709
50128947 1710
38049487 1711
94142359 1712
1430984 1713
27790035 1714
70555059 1715
73420875 1716
60175648 1717
17029508 1718
16632853 1719
42201605 1720
11872996 1721
79413722 1722
54170877 1723
45102643 1724
75164776 1725
43592166 1726
42102782 1727
63428 1728
30432530 1729
21803735 1730
95946210 1731
41926468 1732
13948379 1733
28563891 1734
8934497 1735
89129543 1736
16013119 1737
67496447 1738
29494638 1739
96133748 1740
70037952 1741
35469194 1742
76003703 1743
33765799 1744
60698591 1745
55811786 1746
80357505 1747
7648853 1748
24748573 1749
27376363 1750
36416800 1751
71342710 1752
23870930 1753
44581456 1754
94895321 1755
55012699 1756
57096016 1757
81462058 1758
45170627 1759
40479475 1760
99328724 1761
5602071 1762
99511934 1763
11697258 1764
75976477 1765
2354861 1766
9235387 1767
37681758 1768
82400946 1769
20107842 1770
49515418 1771
92001983 1772
28055108 1773
76656200 1774
84707719 1775
3207181 1776
28275889 1777
2096373 1778
87402484 1779
89791829 1780
53407318 1781
14598455 1782
19490994 1783
68271336 1784
8427704 1785
11661969 1786
76796366 1787
62536996 1788
13223658 1789
46117706 1790
99174366 1791
11709774 1792
82420331 1793
74980983 1794
9380724 1795
54009399 1796
17660266 1797
28879565 1798
69282619 1799
8394920 1800
17941378 1801
96258773 1802
72186309 1803
7969529 1804
45786706 1805
77171516 1806
83337062 1807
42082075 1808
43609968 1809
91992938 1810
95783372 1811
5128247 1812
18538480 1813
70322456 1814
5956892 1815
32917647 1816
35457736 1817
88848760 1818
34011065 1819
80893734 1820
95512948 1821
58992614 1822
33422480 1823
30190859 1824
1601817 1825
63680416 1826
78667058 1827
65194237 1828
5080369 1829
48878718 1830
16057058 1831
51425512 1832
408488 1833
34067544 1834
74628646 1835
51425851 1836
33066461 1837
57180633 1838
89892556 1839
13586579 1840
40280355 1841
56079873 1842
17578402 1843
96062450 1844
90371660 1845
43329794 1846
9427149 1847
53517628 1848
6180255 1849
5879960 1850
25575114 1851
77175213 1852
17044039 1853
56370691 1854
93653105 1855
54295296 1856
47426496 1857
9009689 1858
89298033 1859
9942988 1860
45364259 1861
41652232 1862
93458208 1863
77461095 1864
89634751 1865
28646838 1866
73719777 1867
40328970 1868
14884587 1869
26352468 1870
18397212 1871
87017769 1872
76780979 1873
39115592 1874
6642248 1875
13011218 1876
39627241 1877
69997776 1878
69827587 1879
30462412 1880
57080583 1881
91605619 1882
44089087 1883
71336674 1884
53089195 1885
86817361 1886
50989747 1887
46738556 1888
52834221 1889
94336713 1890
74546027 1891
34056240 1892
48712223 1893
91542537 1894
46738237 1895
1346025 1896
96379156 1897
99533084 1898
8856563 1899
72228179 1900
42047468 1901
67909594 1902
61483213 1903
35606764 1904
90178732 1905
4653745 1906
85750793 1907
65649768 1908
39903564 1909
27406375 1910
24631751 1911
79935380 1912
83332760 1913
95922930 1914
80361452 1915
36997522 1916
17250559 1917
85343487 1918
42072294 1919
95351922 1920
91301835 1921
44677556 1922
31203947 1923
10516056 1924
64214116 1925
53850851 1926
92837024 1927
1032522 1928
81257746 1929
24420953 1930
3756758 1931
47838691 1932
23818162 1933
11086797 1934
59193598 1935
17288992 1936
72095999 1937
30841630 1938
62239502 1939
3807924 1940
14941927 1941
15443908 1942
86959218 1943
29736431 1944
95788326 1945
75328818 1946
2628483 1947
56685493 1948
9111763 1949
47760987 1950
55589040 1951
83412217 1952
62892136 1953
58432540 1954
98792865 1955
4760900 1956
31492629 1957
26860833 1958
23713278 1959
57799422 1960
17210654 1961
82750648 1962
70663001 1963
30158918 1964
30536441 1965
71474749 1966
36025788 1967
92657720 1968
30046492 1969
33082458 1970
92110526 1971
59538415 1972
36186181 1973
60259481 1974
49240758 1975
45789508 1976
70566262 1977
10426283 1978
12618932 1979
92813512 1980
79300581 1981
67185609 1982
23235462 1983
33015383 1984
17700167 1985
87977777 1986
58398987 1987
61095528 1988
43618792 1989
16230696 1990
35313433 1991
40650791 1992
21264632 1993
34488693 1994
14132054 1995
12517247 1996
73265667 1997
74674044 1998
68738917 1999
56109054 2000
98988106 2001
99483162 2002
6160651 2003
42664981 2004
64357945 2005
58330414 2006
18034826 2007
798697 2008
78506049 2009
15871130 2010
33661974 2011
72703632 2012
4703347 2013
17290810 2014
90231760 2015
6068261 2016
17236703 2017
34854592 2018
80973597 2019
67001113 2020
66630783 2021
8188052 2022
72286536 2023
91619796 2024
88299208 2025
94400991 2026
25410340 2027
61289753 2028
86518447 2029
96894917 2030
14225321 2031
16610563 2032
91938464 2033
44633137 2034
62120208 2035
87408467 2036
44484865 2037
75663358 2038
44398382 2039
30938879 2040
4845094 2041
77604908 2042
32004701 2043
91062331 2044
71249934 2045
21543887 2046
60401868 2047
39478264 2048
12495438 2049
47296292 2050
10782562 2051
55962663 2052
84235471 2053
52824546 2054
60821487 2055
61640977 2056
64516658 2057
68001633 2058
84514195 2059
6832483 2060
18452379 2061
56932359 2062
50907460 2063
72101841 2064
45935632 2065
81153311 2066
40577245 2067
92499928 2068
668026 2069
88004999 2070
34394135 2071
95610229 2072
15430243 2073
13751433 2074
16851922 2075
7075361 2076
57383204 2077
97154166 2078
96188107 2079
89044520 2080
16421810 2081
92699406 2082
23370435 2083
58856120 2084
12345007 2085
33271525 2086
53071919 2087
66781840 2088
49040139 2089
85851817 2090
41526538 2091
84169107 2092
55266589 2093
20906955 2094
41288693 2095
49317940 2096
77004722 2097
89092636 2098
5053989 2099
30667968 2100
66966638 2101
30250083 2102
74933231 2103
1092778 2104
41216999 2105
19218183 2106
38921703 2107
21885204 2108
95831866 2109
44704453 2110
43955201 2111
67294954 2112
92713398 2113
44138920 2114
84346951 2115
92354464 2116
99558559 2117
57204854 2118
8210601 2119
31496927 2120
97262688 2121
83116015 2122
12110281 2123
61896947 2124
14170577 2125
12746791 2126
89019938 2127
6506841 2128
75953606 2129
15440017 2130
28916721 2131
24011581 2132
17878319 2133
31677253 2134
44055685 2135
9479272 2136
46904516 2137
90213157 2138
80874815 2139
54825377 2140
33143180 2141
37182705 2142
53288941 2143
45996488 2144
16602372 2145
69563331 2146
49792672 2147
88229820 2148
80242299 2149
52242519 2150
12511915 2151
58831758 2152
29408601 2153
88659814 2154
72947374 2155
47440004 2156
68233499 2157
61198473 2158
28728988 2159
70417412 2160
15590642 2161
37675138 2162
36378012 2163
16862586 2164
28309576 2165
90423779 2166
99982426 2167
80637709 2168
41815963 2169
82680212 2170
43938362 2171
98932210 2172
76202869 2173
77200956 2174
59720945 2175
15293507 2176
88871341 2177
33831911 2178
38790000 2179
50507991 2180
46882658 2181
87705970 2182
10278114 2183
89766913 2184
35866927 2185
65158256 2186
60551583 2187
22321128 2188
481058 2189
53640977 2190
38240253 2191
89147248 2192
82712133 2193
19487224 2194
35236223 2195
42186482 2196
61164312 2197
15449487 2198
13111868 2199
10933544 2200
97093128 2201
13335765 2202
37112697 2203
1873100 2204
3310621 2205
62383555 2206
45752030 2207
32991237 2208
92231008 2209
77298103 2210
76675095 2211
59734917 2212
30602172 2213
45247979 2214
36540581 2215
87406896 2216
75636165 2217
22702905 2218
25142703 2219
90710796 2220
98664933 2221
9159285 2222
16906499 2223
57768314 2224
40266444 2225
25535242 2226
65124090 2227
80460899 2228
14062218 2229
62298790 2230
30250066 2231
87411090 2232
18175672 2233
42648585 2234
23357722 2235
67865068 2236
19987663 2237
54768729 2238
72608126 2239
37612787 2240
87925187 2241
91386571 2242
9826664 2243
39042662 2244
4482875 2245
48679220 2246
95468763 2247
27826010 2248
93957462 2249
62181013 2250
65208629 2251
94910209 2252
49365748 2253
50260785 2254
57943624 2255
57455663 2256
57719871 2257
56282807 2258
8461631 2259
91829778 2260
6955297 2261
3931910 2262
52371517 2263
80843117 2264
74771386 2265
40848198 2266
14856578 2267
16848906 2268
9787965 2269
86496234 2270
17903396 2271
91577617 2272
65483365 2273
10968468 2274
9946789 2275
57328348 2276
39583677 2277
79738885 2278
34012825 2279
77083863 2280
7569922 2281
95254799 2282
18056346 2283
57520219 2284
89468664 2285
31450908 2286
55975443 2287
40360593 2288
65939701 2289
55587463 2290
73399464 2291
94548807 2292
98667976 2293
7485866 2294
38551452 2295
26146533 2296
55851278 2297
78369886 2298
14823363 2299
64213612 2300
21167501 2301
25417344 2302
45117087 2303
71517711 2304
3308433 2305
91082728 2306
13353845 2307
5889675 2308
9830044 2309
93095224 2310
19458383 2311
23910018 2312
23465097 2313
88570565 2314
5887766 2315
27648203 2316
31004066 2317
67535154 2318
11805023 2319
25110709 2320
42912970 2321
95333748 2322
94419717 2323
45061948 2324
44474031 2325
9956406 2326
97644211 2327
8990175 2328
12995087 2329
18734087 2330
24789802 2331
49363485 2332
63333250 2333
1333206 2334
64867985 2335
62064910 2336
96933015 2337
58680832 2338
79054132 2339
44526177 2340
69901652 2341
17899390 2342
70820955 2343
28839305 2344
82612314 2345
50401169 2346
76944578 2347
36259546 2348
40305900 2349
38778671 2350
37857067 2351
10330316 2352
65265516 2353
25366870 2354
95726733 2355
49288768 2356
66412728 2357
50436339 2358
72840466 2359
57404326 2360
29609711 2361
87172337 2362
11525698 2363
9793032 2364
14784478 2365
44650578 2366
18721480 2367
25133786 2368
81975705 2369
12473965 2370
38496625 2371
22196861 2372
33118403 2373
6197439 2374
1558172 2375
80740783 2376
34534587 2377
55110081 2378
82491717 2379
52384910 2380
36374038 2381
59111745 2382
41536328 2383
61049452 2384
74629282 2385
37835001 2386
8525725 2387
10167946 2388
92021253 2389
8175207 2390
35639130 2391
43347895 2392
77151641 2393
91567055 2394
53255736 2395
59347413 2396
59820783 2397
16009572 2398
36188647 2399
54651238 2400
16067970 2401
58066317 2402
93493868 2403
16479713 2404
23481973 2405
58646612 2406
81653935 2407
33819840 2408
7532123 2409
10119797 2410
19023511 2411
90353282 2412
79352123 2413
96571044 2414
57575192 2415
13045808 2416
93162929 2417
44382313 2418
43738071 2419
35569309 2420
93898788 2421
39606410 2422
16087062 2423
15135908 2424
66693246 2425
87281977 2426
29805086 2427
44872767 2428
41927025 2429
81670494 2430
86355037 2431
35783818 2432
29113825 2433
19314214 2434
80497387 2435
74639209 2436
26757081 2437
41567345 2438
70894622 2439
35967392 2440
78060288 2441
69566427 2442
90602368 2443
22544328 2444
34790388 2445
95796833 2446
88186256 2447
22436747 2448
52893481 2449
78251453 2450
18295109 2451
1502357 2452
23159949 2453
19230153 2454
27836179 2455
41911976 2456
13920209 2457
92682280 2458
42141275 2459
25896661 2460
63139080 2461
39761545 2462
68015326 2463
95829805 2464
43580490 2465
76242717 2466
78004756 2467
14078898 2468
24472785 2469
6977564 2470
52862389 2471
70966099 2472
4438139 2473
48367777 2474
34849404 2475
13534483 2476
18265319 2477
79915169 2478
39020598 2479
46783306 2480
35379482 2481
46758356 2482
46695237 2483
12481002 2484
4693941 2485
63341358 2486
83220110 2487
70940379 2488
17450736 2489
2753308 2490
63508317 2491
88955236 2492
87505949 2493
33798708 2494
85791274 2495
66502607 2496
95049300 2497
964385 2498
56116957 2499
29855859 2500
53960069 2501
79250600 2502
95370883 2503
289543 2504
9520800 2505
25389396 2506
76312401 2507
33223310 2508
332537 2509
25046278 2510
26920304 2511
71059233 2512
38188501 2513
435763 2514
193031 2515
29255144 2516
91500958 2517
29137115 2518
73039765 2519
24932896 2520
36135228 2521
73859795 2522
37062631 2523
24703625 2524
25503339 2525
4376078 2526
60497425 2527
32720257 2528
45598158 2529
17201062 2530
62764140 2531
53929395 2532
3368460 2533
48303784 2534
97409635 2535
37516437 2536
40103089 2537
49153088 2538
24508008 2539
20820935 2540
30631615 2541
11888173 2542
68892800 2543
54807668 2544
55663421 2545
60456973 2546
45191649 2547
99812845 2548
28674654 2549
46756828 2550
16600378 2551
11609754 2552
3112249 2553
89661509 2554
58025534 2555
37494428 2556
94512150 2557
15380845 2558
8392703 2559
76174002 2560
12838826 2561
82454800 2562
73720682 2563
60300703 2564
57830988 2565
85863334 2566
65666610 2567
72441231 2568
32107614 2569
37470256 2570
20817128 2571
93817025 2572
10759177 2573
80115805 2574
15639240 2575
58061165 2576
28585963 2577
71845892 2578
99029196 2579
85440201 2580
17192884 2581
92822382 2582
81141542 2583
45519839 2584
76097320 2585
37376437 2586
44649569 2587
67411004 2588
16271130 2589
27370060 2590
29269262 2591
25235113 2592
96466047 2593
40426834 2594
26694673 2595
23773014 2596
41858749 2597
6539308 2598
55665859 2599
62915591 2600
87795554 2601
36822991 2602
68963945 2603
37183640 2604
62557382 2605
88000134 2606
94497149 2607
32793360 2608
61599407 2609
44145274 2610
19719797 2611
99002172 2612
28161552 2613
77649501 2614
58519202 2615
37773463 2616
79723553 2617
97328062 2618
84672952 2619
74160908 2620
55921257 2621
81667936 2622
99949590 2623
13538407 2624
82374350 2625
52451546 2626
72795019 2627
66552358 2628
40575332 2629
7719160 2630
86494934 2631
55780949 2632
39382192 2633
66567649 2634
54450838 2635
94435762 2636
84404562 2637
3134675 2638
88871336 2639
30311698 2640
3736009 2641
27937951 2642
84993745 2643
78234884 2644
74851397 2645
72723739 2646
20885224 2647
95134830 2648
69248982 2649
16262427 2650
30351041 2651
79936095 2652
8364623 2653
58427926 2654
52345791 2655
45139726 2656
88464260 2657
28124049 2658
63155194 2659
78688924 2660
26531654 2661
51907707 2662
8129144 2663
28824802 2664
56243418 2665
79891543 2666
78710585 2667
23915405 2668
40557817 2669
64610342 2670
60733912 2671
56857596 2672
88670539 2673
44749583 2674
8436819 2675
56629584 2676
93931975 2677
13255953 2678
89570777 2679
23043269 2680
68292533 2681
45233275 2682
83678605 2683
81674464 2684
87748829 2685
53269732 2686
96513609 2687
18323633 2688
38379112 2689
85525560 2690
54145102 2691
64632762 2692
10797704 2693
52382995 2694
34586938 2695
29122864 2696
31070916 2697
56497892 2698
62191587 2699
216224 2700
46954143 2701
8514045 2702
24308286 2703
33536193 2704
85862291 2705
30340161 2706
12987638 2707
97940106 2708
3138853 2709
49033209 2710
72573016 2711
20309911 2712
44206372 2713
67672017 2714
97407882 2715
54153921 2716
58088667 2717
2630748 2718
99741988 2719
80147553 2720
68907981 2721
20427245 2722
67479484 2723
83535952 2724
13301222 2725
61079734 2726
48641763 2727
46883985 2728
34478097 2729
62939521 2730
76554928 2731
54794151 2732
82590044 2733
57367030 2734
56653476 2735
40230306 2736
24738023 2737
23931308 2738
38889778 2739
58055062 2740
75187098 2741
713198 2742
91784937 2743
28938591 2744
96584776 2745
1899769 2746
38584586 2747
54562093 2748
22597677 2749
30612639 2750
42930993 2751
81794464 2752
32574639 2753
22716310 2754
98397503 2755
53147051 2756
35801789 2757
9645719 2758
1674461 2759
4411417 2760
28018485 2761
61214765 2762
31486529 2763
87780385 2764
74342869 2765
36231508 2766
50527652 2767
54296395 2768
28479999 2769
93109965 2770
84717508 2771
34581996 2772
2088417 2773
67611363 2774
70861769 2775
17865142 2776
87357783 2777
25180809 2778
70507806 2779
69032397 2780
82897890 2781
90032501 2782
28290018 2783
97509081 2784
55668396 2785
4434354 2786
53309858 2787
10140873 2788
57636849 2789
10952487 2790
63303003 2791
97832627 2792
32701616 2793
77354969 2794
63633037 2795
30050068 2796
68299717 2797
52336801 2798
86584499 2799
12348940 2800
92566820 2801
87054158 2802
11715898 2803
23156595 2804
47957524 2805
64410597 2806
34600243 2807
23785848 2808
92322327 2809
60322516 2810
21149465 2811
48789467 2812
26566250 2813
10090689 2814
44850199 2815
62568724 2816
37257209 2817
5139690 2818
76580782 2819
69998659 2820
91231504 2821
26054443 2822
73846363 2823
48161564 2824
6755540 2825
76602618 2826
38580919 2827
34215868 2828
79594044 2829
91250682 2830
76539047 2831
12976279 2832
17061618 2833
94467236 2834
4562518 2835
87356802 2836
78485525 2837
11167677 2838
6196561 2839
21913290 2840
64164718 2841
43726766 2842
71641661 2843
47811201 2844
98705687 2845
59534404 2846
58968111 2847
30469946 2848
86513510 2849
74353785 2850
43579170 2851
11578911 2852
39214391 2853
50976154 2854
90036865 2855
88116315 2856
809768 2857
84719943 2858
96621356 2859
44894595 2860
97603858 2861
42028477 2862
57006729 2863
52596953 2864
32410109 2865
98230998 2866
12223577 2867
97689613 2868
95107222 2869
32184814 2870
35828390 2871
40947446 2872
35015766 2873
80277619 2874
21546117 2875
544585 2876
87260372 2877
52655870 2878
97880078 2879
87596590 2880
87400357 2881
88138215 2882
21902514 2883
77671166 2884
17746569 2885
62168334 2886
49059780 2887
21811593 2888
8726211 2889
30576514 2890
26118764 2891
58310156 2892
89407750 2893
87539076 2894
59549025 2895
99486947 2896
65769158 2897
16832159 2898
25824036 2899
5693769 2900
5406013 2901
40839247 2902
61352482 2903
95964351 2904
47807805 2905
43687 2906
4924384 2907
85238659 2908
26378591 2909
8578191 2910
3228967 2911
81823086 2912
23737463 2913
51460471 2914
68334689 2915
59615292 2916
7635192 2917
48690228 2918
66669736 2919
9227134 2920
78439183 2921
61026083 2922
92052979 2923
59277822 2924
84503823 2925
88217552 2926
98473567 2927
53483798 2928
98109159 2929
74258417 2930
35099515 2931
14999628 2932
86003934 2933
78347878 2934
50273769 2935
35534507 2936
34592948 2937
30548046 2938
90281746 2939
10314450 2940
1597770 2941
76280801 2942
2885761 2943
13386359 2944
52452619 2945
86702688 2946
27839128 2947
26332854 2948
37681016 2949
70338303 2950
35440986 2951
97494510 2952
19225945 2953
26081990 2954
85295396 2955
57804257 2956
98372913 2957
26251475 2958
92441852 2959
78184250 2960
77999878 2961
69926126 2962
94057241 2963
48587999 2964
70449456 2965
93022762 2966
8485717 2967
75218230 2968
69511469 2969
96252253 2970
12395686 2971
56308990 2972
86578501 2973
69166839 2974
64464724 2975
2588155 2976
27740113 2977
31372594 2978
79309397 2979
38621076 2980
88195688 2981
66328833 2982
52033875 2983
92349032 2984
89793611 2985
82107094 2986
24462058 2987
60604740 2988
38248485 2989
12535692 2990
76324027 2991
39760485 2992
39792596 2993
13657900 2994
38353905 2995
1978911 2996
7946121 2997
7032677 2998
48384007 2999
44687749 3000
67660299 3001
44143325 3002
58951430 3003
16412183 3004
84524981 3005
52326687 3006
49975859 3007
5680326 3008
96459995 3009
47919025 3010
13708976 3011
92846186 3012
1663859 3013
42415444 3014
20096918 3015
36830581 3016
11952678 3017
31018202 3018
99020688 3019
39133897 3020
72048208 3021
54873877 3022
57671065 3023
20794526 3024
20403355 3025
4959495 3026
48950161 3027
17883286 3028
67708381 3029
28548212 3030
23614338 3031
73960063 3032
50766399 3033
62259549 3034
96358011 3035
51496661 3036
65239472 3037
54327966 3038
67783093 3039
89311938 3040
2847211 3041
20129710 3042
70615869 3043
63276956 3044
85198461 3045
85680319 3046
8566684 3047
782356 3048
49558810 3049
48915719 3050
91900593 3051
65083223 3052
79062027 3053
47749309 3054
91649438 3055
71755695 3056
10300843 3057
6483797 3058
75401188 3059
5244801 3060
17603486 3061
67090219 3062
90204363 3063
64495208 3064
13954741 3065
48296191 3066
30184151 3067
71223965 3068
54130925 3069
83140170 3070
77808470 3071
18819078 3072
80057004 3073
33103621 3074
10100478 3075
24143023 3076
21018740 3077
97713623 3078
38191351 3079
25144830 3080
6520920 3081
60787656 3082
41179219 3083
53336152 3084
16818472 3085
48783324 3086
30743933 3087
66694456 3088
74778367 3089
80421120 3090
25318984 3091
99015771 3092
53114639 3093
13885712 3094
10379652 3095
82972209 3096
45659748 3097
78663747 3098
98257860 3099
47216956 3100
7547084 3101
56115234 3102
23037052 3103
93654486 3104
55358629 3105
10248985 3106
24521609 3107
92091701 3108
18886742 3109
86456328 3110
14534069 3111
89802362 3112
77002215 3113
85318556 3114
42168328 3115
21043390 3116
75489001 3117
55799669 3118
19457154 3119
43076206 3120
48766368 3121
81831964 3122
44412198 3123
33390598 3124
23510319 3125
69959274 3126
32356194 3127
54280590 3128
1971520 3129
56376706 3130
23747585 3131
84859057 3132
12316279 3133
271130 3134
20140826 3135
45319445 3136
63489766 3137
39555834 3138
22114818 3139
35769958 3140
8664617 3141
89103070 3142
73996437 3143
9129585 3144
94154059 3145
46900847 3146
67842019 3147
27444372 3148
39109266 3149
80487881 3150
41564117 3151
60479581 3152
46959295 3153
35226412 3154
99395954 3155
67975692 3156
23751445 3157
34590219 3158
43136770 3159
71271822 3160
95422239 3161
3420094 3162
68373491 3163
86476178 3164
1896099 3165
56762341 3166
44301491 3167
20781102 3168
76868291 3169
83127105 3170
47964461 3171
89363946 3172
34980248 3173
84038898 3174
14653098 3175
47641767 3176
92969229 3177
24059616 3178
24855018 3179
14842255 3180
83304630 3181
36143784 3182
44316210 3183
40184659 3184
71408077 3185
8289640 3186
62788188 3187
8233402 3188
31558015 3189
34444206 3190
90770714 3191
16161505 3192
76068085 3193
25069454 3194
38816307 3195
46548492 3196
24471049 3197
34320483 3198
93588411 3199
18030501 3200
51282074 3201
79364905 3202
48348109 3203
58326754 3204
10213241 3205
58762809 3206
24742518 3207
29797154 3208
69117213 3209
66066899 3210
83767357 3211
78139833 3212
77512339 3213
98450932 3214
68582132 3215
93898768 3216
73826385 3217
9769802 3218
23329326 3219
65717133 3220
41929413 3221
58958031 3222
16648739 3223
78449242 3224
54689394 3225
45852977 3226
43134102 3227
11720927 3228
82480472 3229
18288567 3230
9650382 3231
91828743 3232
10460134 3233
27157857 3234
61072862 3235
67611581 3236
4499743 3237
15417490 3238
70897612 3239
79332690 3240
4905662 3241
37077711 3242
36771015 3243
61940019 3244
21785620 3245
25723852 3246
18380076 3247
11359699 3248
67859991 3249
94924645 3250
8928988 3251
38336800 3252
87900252 3253
8210437 3254
28672950 3255
60552341 3256
96981956 3257
89350850 3258
62655247 3259
7788555 3260
87286965 3261
53496410 3262
54379308 3263
44724104 3264
66738026 3265
1646923 3266
64100966 3267
33075088 3268
19410233 3269
27267648 3270
56703610 3271
33932430 3272
67987828 3273
85409990 3274
10281125 3275
24633804 3276
84849648 3277
30067905 3278
30165149 3279
8966388 3280
47532438 3281
92283505 3282
66544406 3283
91904926 3284
2516327 3285
26693408 3286
64944737 3287
93272196 3288
42717673 3289
83089825 3290
90560799 3291
26182897 3292
51909092 3293
54305603 3294
99147887 3295
82872500 3296
12834722 3297
1841156 3298
56146882 3299
11693178 3300
59791309 3301
74334962 3302
40971500 3303
90220779 3304
39074211 3305
9851740 3306
8301826 3307
57559823 3308
33936231 3309
73026548 3310
28352934 3311
73469260 3312
80363410 3313
46079391 3314
20131556 3315
9518780 3316
9309876 3317
22960379 3318
82928487 3319
22945903 3320
87070361 3321
20231581 3322
27188287 3323
38807065 3324
66145519 3325
4797217 3326
25162015 3327
77497861 3328
16453462 3329
72092195 3330
97744760 3331
72090065 3332
5332703 3333
65673425 3334
47275537 3335
40491936 3336
30693924 3337
54418634 3338
25644911 3339
24181116 3340
62765389 3341
7050990 3342
13818841 3343
26333733 3344
17123351 3345
58187938 3346
27803122 3347
59636624 3348
8249439 3349
65976698 3350
68912867 3351
88069552 3352
19879565 3353
71592793 3354
95458914 3355
29084841 3356
42648836 3357
25324117 3358
50320766 3359
93155583 3360
56603130 3361
39310563 3362
36599596 3363
9892812 3364
35584082 3365
69452992 3366
52166 3367
71776604 3368
24452508 3369
6741926 3370
77259679 3371
37053633 3372
18548357 3373
19837789 3374
68650353 3375
29813768 3376
56952164 3377
77990230 3378
31989177 3379
23692840 3380
46021207 3381
74008640 3382
20165489 3383
42728120 3384
63807492 3385
92444651 3386
92706078 3387
53939783 3388
76991583 3389
15365295 3390
42014900 3391
52168150 3392
44006768 3393
81662675 3394
50523756 3395
20726627 3396
61285535 3397
8908608 3398
91085506 3399
89085580 3400
72693954 3401
84794517 3402
20597894 3403
41314274 3404
51520728 3405
91979247 3406
30746645 3407
11358843 3408
37704329 3409
46693359 3410
67147281 3411
35769004 3412
68393146 3413
66498585 3414
37512894 3415
12775818 3416
4068407 3417
39278814 3418
73210905 3419
20636088 3420
70943169 3421
38683804 3422
76110666 3423
41409831 3424
10337481 3425
53183336 3426
31054218 3427
30486133 3428
97882752 3429
81663801 3430
1163203 3431
65223079 3432
11987341 3433
38112039 3434
96394725 3435
23136362 3436
37546872 3437
56341845 3438
61687068 3439
90675423 3440
42741206 3441
84161077 3442
91497414 3443
45489514 3444
18224775 3445
86718140 3446
57285716 3447
23293892 3448
89136136 3449
83998963 3450
89905471 3451
23583129 3452
56689937 3453
34755754 3454
1921050 3455
25531281 3456
93349 3457
49598633 3458
75687939 3459
36666135 3460
67522925 3461
95288845 3462
16272095 3463
25904606 3464
12243107 3465
24739609 3466
7918635 3467
89150755 3468
21581013 3469
66877357 3470
72074561 3471
11357212 3472
85337396 3473
80644161 3474
36863449 3475
57170890 3476
26002975 3477
58011812 3478
18683943 3479
88952883 3480
16768170 3481
33235735 3482
68483174 3483
755514 3484
83510535 3485
39609236 3486
86152816 3487
29358658 3488
89813066 3489
82372867 3490
54329803 3491
88639554 3492
67662012 3493
3136954 3494
99056287 3495
71275861 3496
58214887 3497
73419966 3498
17690100 3499
23570296 3500
15709568 3501
55472586 3502
71228509 3503
92679129 3504
70044282 3505
73292088 3506
20915430 3507
16485728 3508
26802148 3509
2870971 3510
32310227 3511
93943962 3512
13083915 3513
37120852 3514
13477008 3515
77131491 3516
28442346 3517
82737863 3518
84001200 3519
83154999 3520
56641061 3521
70925279 3522
75526420 3523
16461789 3524
62432399 3525
73968628 3526
27583417 3527
46796316 3528
99232763 3529
2140390 3530
73519493 3531
58113831 3532
22697024 3533
17154873 3534
93152006 3535
77492075 3536
83022230 3537
34238612 3538
5413855 3539
97421962 3540
69135069 3541
76084450 3542
67060394 3543
3338044 3544
46221722 3545
27889662 3546
1613248 3547
55584393 3548
32413023 3549
45496072 3550
59781879 3551
59463681 3552
27604291 3553
9834621 3554
35724082 3555
66052007 3556
58814043 3557
31784446 3558
69593545 3559
92902947 3560
47935881 3561
68585557 3562
3239620 3563
40345689 3564
41403367 3565
22075194 3566
43445609 3567
72494133 3568
84170111 3569
26403212 3570
82679524 3571
65967134 3572
32046163 3573
88252907 3574
94855596 3575
31494912 3576
74997862 3577
8621657 3578
96399502 3579
43693659 3580
69566563 3581
55569053 3582
5970841 3583
26758267 3584
56294071 3585
37081045 3586
53676996 3587
52049980 3588
62707129 3589
84896276 3590
90960820 3591
37371383 3592
85370753 3593
2197164 3594
12086072 3595
99132232 3596
9872560 3597
84769029 3598
44302533 3599
33018923 3600
62205904 3601
88693071 3602
12711494 3603
36588706 3604
16240907 3605
38168507 3606
46204618 3607
67565735 3608
70356766 3609
36903960 3610
32101550 3611
48303824 3612
79967110 3613
17131574 3614
68436433 3615
11212650 3616
28187170 3617
57448292 3618
33348545 3619
92836498 3620
36748705 3621
16280303 3622
96985397 3623
26498148 3624
86621305 3625
92865619 3626
22634 3627
43475643 3628
26940176 3629
16330805 3630
50843698 3631
56569480 3632
90545379 3633
61507669 3634
41976142 3635
85498531 3636
79606391 3637
10811778 3638
1820830 3639
44738676 3640
34244816 3641
31738388 3642
860319 3643
20795379 3644
7613714 3645
41875058 3646
31861328 3647
76656428 3648
58521328 3649
91388099 3650
6397362 3651
11726654 3652
8616766 3653
17541554 3654
85933796 3655
63250658 3656
93762783 3657
30436894 3658
94646006 3659
22640340 3660
89330291 3661
46363495 3662
44508112 3663
97101649 3664
36516912 3665
56928460 3666
69228643 3667
76357340 3668
71498825 3669
30931552 3670
20780823 3671
10676166 3672
76683917 3673
9437381 3674
1830358 3675
20039482 3676
40059848 3677
37890174 3678
39735030 3679
27443046 3680
14112046 3681
21363364 3682
74234555 3683
83995221 3684
62212715 3685
67513237 3686
23233628 3687
51817831 3688
37734744 3689
66782020 3690
86343644 3691
11164683 3692
61020754 3693
64771316 3694
86313158 3695
75654908 3696
73885308 3697
22516961 3698
38886116 3699
55035637 3700
92051276 3701
93373946 3702
98859876 3703
71194816 3704
25724260 3705
84201787 3706
42700598 3707
88079668 3708
47360755 3709
29067299 3710
68657083 3711
46153024 3712
52593181 3713
64632591 3714
51035399 3715
41457552 3716
74871692 3717
71666952 3718
20785583 3719
28125485 3720
27843083 3721
17692616 3722
80733605 3723
38241722 3724
99785064 3725
52724317 3726
2058484 3727
91491059 3728
79688362 3729
49774787 3730
16664446 3731
83495174 3732
94116631 3733
64313984 3734
33304065 3735
53678064 3736
4574673 3737
72907068 3738
22508363 3739
82749057 3740
18943370 3741
8749900 3742
16953296 3743
79951403 3744
29722176 3745
67759527 3746
23265669 3747
24299855 3748
85983751 3749
83563872 3750
30824920 3751
39683062 3752
54855688 3753
6339096 3754
79595029 3755
4371113 3756
96469310 3757
63472949 3758
35678976 3759
4430113 3760
79465565 3761
18720391 3762
52507401 3763
16021575 3764
39078080 3765
5662934 3766
43230647 3767
75075570 3768
87205177 3769
17573741 3770
44428128 3771
25766435 3772
21743744 3773
33524726 3774
3074816 3775
43253268 3776
98332171 3777
85613254 3778
23051322 3779
86527553 3780
71718950 3781
70831660 3782
17469473 3783
1556832 3784
31492645 3785
82051456 3786
94399561 3787
447098 3788
72749864 3789
2556100 3790
98432770 3791
74929287 3792
51625780 3793
1766943 3794
93932180 3795
55523598 3796
28500829 3797
33013445 3798
70355972 3799
68434326 3800
13811615 3801
73932439 3802
20300862 3803
29280862 3804
61730805 3805
78669047 3806
45910516 3807
25086746 3808
28689059 3809
75125849 3810
98044451 3811
36987974 3812
43974266 3813
37818214 3814
84497458 3815
97822969 3816
45069724 3817
96638724 3818
59320775 3819
11925399 3820
63457478 3821
48475053 3822
14175670 3823
30567365 3824
80767497 3825
88558584 3826
64453962 3827
33960620 3828
37635097 3829
53390162 3830
15595133 3831
42214036 3832
56824289 3833
68374693 3834
637912 3835
55849468 3836
5851076 3837
28155969 3838
11425771 3839
97327864 3840
65134095 3841
24368106 3842
60177419 3843
78981975 3844
88097243 3845
64099209 3846
94453823 3847
40743265 3848
67456481 3849
85061871 3850
23818143 3851
163853 3852
30222935 3853
10086483 3854
416989 3855
16012121 3856
26949084 3857
36331207 3858
40383663 3859
13042807 3860
75016532 3861
52757825 3862
18457043 3863
16858070 3864
58420676 3865
54316283 3866
5396939 3867
75124065 3868
37004655 3869
34936768 3870
21300945 3871
81970017 3872
23839285 3873
48709984 3874
35108835 3875
9998915 3876
62916095 3877
67665795 3878
11848529 3879
71516749 3880
51221839 3881
5936190 3882
14877953 3883
15286290 3884
98797893 3885
86451564 3886
46196804 3887
55289194 3888
45704876 3889
38971685 3890
28188765 3891
45546190 3892
87000635 3893
25400153 3894
72629489 3895
64293543 3896
63674542 3897
74098002 3898
29079721 3899
23748325 3900
77605008 3901
61443838 3902
34148159 3903
49708299 3904
19368444 3905
68827508 3906
55088120 3907
57318655 3908
38495531 3909
71899623 3910
6940195 3911
99978053 3912
31718930 3913
50874635 3914
64153006 3915
49826474 3916
22779561 3917
3782318 3918
39190456 3919
77323803 3920
10502602 3921
3014972 3922
53913542 3923
8055917 3924
41440314 3925
54542280 3926
63019064 3927
90919748 3928
60884613 3929
4495633 3930
19497708 3931
25882246 3932
15835974 3933
11351054 3934
85494469 3935
35864891 3936
82477396 3937
72297028 3938
90738325 3939
70642018 3940
79712344 3941
90117879 3942
22658300 3943
20456102 3944
47873797 3945
68309630 3946
17250746 3947
45236090 3948
10558467 3949
751783 3950
58877998 3951
18346975 3952
17461099 3953
88549021 3954
1780939 3955
38439501 3956
21084626 3957
27584257 3958
12617496 3959
55444324 3960
10998057 3961
44189148 3962
18811429 3963
94488179 3964
12331139 3965
88491208 3966
21332035 3967
6976572 3968
41522395 3969
35874950 3970
18625924 3971
87846458 3972
22366579 3973
32827672 3974
3722270 3975
63029482 3976
87794626 3977
51275153 3978
81030600 3979
56769090 3980
28809079 3981
53947185 3982
58508570 3983
42292020 3984
12557283 3985
12893785 3986
87123786 3987
36022078 3988
93907208 3989
84123267 3990
17586794 3991
77984857 3992
98455968 3993
11668711 3994
45840851 3995
67046835 3996
73883876 3997
25834602 3998
10493851 3999
64737711 4000
80260072 4001
2480887 4002
89656243 4003
75392293 4004
61730766 4005
3551471 4006
81262054 4007
36506112 4008
61894822 4009
20484946 4010
46754724 4011
45519608 4012
45474270 4013
77349890 4014
51631425 4015
91014649 4016
75533419 4017
56608967 4018
37923255 4019
24992485 4020
9253610 4021
53238832 4022
594440 4023
86734258 4024
83465691 4025
79671178 4026
79984362 4027
62091386 4028
40607058 4029
12997647 4030
13384928 4031
49674670 4032
67341695 4033
58463855 4034
93462378 4035
75532810 4036
1420598 4037
52588242 4038
73954130 4039
35167159 4040
3280739 4041
98987772 4042
58954491 4043
61033111 4044
74257238 4045
20695102 4046
89719906 4047
63180190 4048
16117330 4049
47382798 4050
83453043 4051
29590650 4052
34528746 4053
35432231 4054
96402401 4055
34668813 4056
48417724 4057
1910096 4058
42237515 4059
43221205 4060
91757876 4061
15143781 4062
48183190 4063
2046962 4064
33284112 4065
57638521 4066
43042500 4067
39803960 4068
68656810 4069
43398112 4070
70977486 4071
19373118 4072
34805042 4073
36163972 4074
22050205 4075
35509055 4076
12900636 4077
77090884 4078
46363241 4079
84073915 4080
1202356 4081
5536449 4082
88395907 4083
68090363 4084
34238311 4085
70528038 4086
95522579 4087
1182421 4088
86142046 4089
58248264 4090
96111773 4091
75653527 4092
23426830 4093
87025549 4094
1743741 4095
23271713 4096
41564247 4097
12589430 4098
45805162 4099
62880858 4100
11786373 4101
74344689 4102
99256727 4103
15432014 4104
23994432 4105
52916412 4106
96117165 4107
20697300 4108
38825833 4109
68840363 4110
14085540 4111
14502861 4112
36662399 4113
1952661 4114
18247863 4115
56020825 4116
39866958 4117
36526457 4118
35892755 4119
62157820 4120
94836040 4121
18061704 4122
21921480 4123
66897347 4124
85766439 4125
33027428 4126
85350235 4127
88711582 4128
89939091 4129
84286359 4130
96788928 4131
49411476 4132
52140740 4133
99873998 4134
2462497 4135
1066635 4136
60911260 4137
43299824 4138
46923374 4139
31388325 4140
21916618 4141
11899932 4142
11090799 4143
20872116 4144
58440284 4145
37346877 4146
84247374 4147
30996986 4148
38851246 4149
6388607 4150
37308402 4151
1857330 4152
63152453 4153
76451383 4154
64376503 4155
12234666 4156
32538759 4157
65512503 4158
92010191 4159
27568710 4160
18685296 4161
65961431 4162
92681738 4163
7949261 4164
29843306 4165
42950101 4166
38583400 4167
24392876 4168
6254224 4169
92468794 4170
47273671 4171
53055068 4172
79548287 4173
69145722 4174
99177590 4175
87316709 4176
22767264 4177
40435789 4178
16915388 4179
25063394 4180
77551430 4181
77903923 4182
96647397 4183
60028164 4184
11697935 4185
61088809 4186
45305890 4187
20564621 4188
74856436 4189
86961993 4190
39498244 4191
38477212 4192
48130443 4193
26770073 4194
84976455 4195
2969709 4196
94615501 4197
97266410 4198
58985724 4199
46272678 4200
82796595 4201
65378766 4202
67869414 4203
61956846 4204
53621928 4205
488995 4206
56644365 4207
1897586 4208
70521547 4209
39985361 4210
13326591 4211
67349267 4212
52884497 4213
23384513 4214
34314848 4215
97938741 4216
18587268 4217
38654599 4218
16794901 4219
84957680 4220
94044578 4221
31157223 4222
70277435 4223
74259754 4224
24111359 4225
85371922 4226
23045403 4227
56676919 4228
26114084 4229
62885906 4230
7659118 4231
77029233 4232
46246181 4233
80227163 4234
37312401 4235
87689412 4236
3662628 4237
24208972 4238
89262407 4239
65819298 4240
55597316 4241
32898542 4242
98667662 4243
1835408 4244
63537414 4245
13644336 4246
21664699 4247
47694539 4248
83669466 4249
62278071 4250
65125587 4251
75427135 4252
53968682 4253
39880743 4254
72917677 4255
32859164 4256
23173885 4257
82008612 4258
2606509 4259
80772709 4260
33384123 4261
71886167 4262
99835856 4263
80657412 4264
69349220 4265
34810197 4266
41677381 4267
13880644 4268
64814914 4269
88692104 4270
25513326 4271
72509323 4272
96045949 4273
65651680 4274
10021378 4275
93202194 4276
21817247 4277
73726945 4278
28547172 4279
86703192 4280
69829795 4281
78359399 4282
57782231 4283
33784791 4284
38165892 4285
84761307 4286
72302134 4287
79998640 4288
53529682 4289
87490667 4290
41140913 4291
79441186 4292
71180114 4293
15321591 4294
20986676 4295
60357590 4296
47125143 4297
71270573 4298
46469930 4299
37189399 4300
76622414 4301
41280214 4302
18817060 4303
42148625 4304
59789902 4305
28241785 4306
47122372 4307
1875319 4308
24491663 4309
78990685 4310
5386192 4311
76187293 4312
64530093 4313
80976648 4314
56687507 4315
22258625 4316
95918427 4317
33973224 4318
65093470 4319
373995 4320
95642250 4321
65191507 4322
71904917 4323
96818699 4324
5667605 4325
28376177 4326
81662798 4327
83913134 4328
18695106 4329
82909664 4330
62077306 4331
52423900 4332
21543375 4333
50214197 4334
10279215 4335
93300424 4336
4347260 4337
66853594 4338
68425596 4339
11587112 4340
91487262 4341
15492492 4342
27568248 4343
38623700 4344
22367672 4345
12973428 4346
11575345 4347
89016352 4348
83583493 4349
96368919 4350
71890046 4351
41402456 4352
85300623 4353
15905938 4354
84743513 4355
92307833 4356
74919730 4357
78155852 4358
10183278 4359
43527462 4360
34104310 4361
91215652 4362
68066027 4363
85305744 4364
89196465 4365
5104468 4366
89044829 4367
65964484 4368
70614849 4369
95104792 4370
8919662 4371
40144426 4372
44016476 4373
48235138 4374
36563417 4375
55174549 4376
24007120 4377
9602576 4378
54023875 4379
64244829 4380
80620160 4381
39408696 4382
98134629 4383
36050580 4384
40464442 4385
66953082 4386
97974742 4387
45295124 4388
89858663 4389
67973702 4390
29351305 4391
73167843 4392
65867969 4393
88335016 4394
87334267 4395
70482091 4396
4626974 4397
75737831 4398
22439229 4399
72393208 4400
11221154 4401
38144677 4402
49453970 4403
9654406 4404
59169772 4405
77670540 4406
76399328 4407
9701475 4408
62128844 4409
1559402 4410
81332100 4411
73899610 4412
74798480 4413
48465692 4414
84436947 4415
90365150 4416
152259 4417
80057484 4418
47745181 4419
21729887 4420
40458551 4421
30964636 4422
72791941 4423
35961439 4424
4658820 4425
32582505 4426
2199386 4427
71182733 4428
59326738 4429
80569790 4430
56003173 4431
73223242 4432
95567749 4433
26862285 4434
18206161 4435
74975975 4436
68371531 4437
69277568 4438
90832502 4439
69167481 4440
35012158 4441
47677914 4442
61728612 4443
97457874 4444
38753690 4445
41551462 4446
46328766 4447
81369525 4448
33732613 4449
82071376 4450
94062509 4451
19885234 4452
63198614 4453
19311096 4454
16651599 4455
37568125 4456
92609110 4457
64352156 4458
62364907 4459
58314033 4460
39881237 4461
79243981 4462
54067140 4463
3095190 4464
76489186 4465
38294280 4466
34518645 4467
43399772 4468
4101931 4469
28316767 4470
21869085 4471
82337296 4472
63013780 4473
35875584 4474
68676873 4475
7524040 4476
29433297 4477
87909758 4478
91661229 4479
18287581 4480
64582825 4481
68542828 4482
34346242 4483
45995842 4484
21634954 4485
28339006 4486
25749746 4487
96040899 4488
5794588 4489
29745597 4490
65187087 4491
5739413 4492
26694066 4493
86284671 4494
14752645 4495
78358378 4496
27498885 4497
88322526 4498
47527215 4499
67373291 4500
5496115 4501
33711971 4502
77723722 4503
32171372 4504
4203061 4505
20481817 4506
84600424 4507
30079934 4508
13722745 4509
6915007 4510
88546038 4511
58419782 4512
1742539 4513
34061659 4514
37347985 4515
52371085 4516
9460064 4517
86709633 4518
36108564 4519
52942906 4520
91577574 4521
54900819 4522
5517604 4523
73885131 4524
95916503 4525
16192169 4526
58182049 4527
61833293 4528
18049995 4529
28319411 4530
68551800 4531
20248487 4532
22372369 4533
20245218 4534
21055394 4535
19996589 4536
96687874 4537
78860462 4538
20532934 4539
81358710 4540
20675038 4541
89999020 4542
47078641 4543
47087462 4544
23399575 4545
99307879 4546
79989831 4547
63124877 4548
4181315 4549
89157634 4550
7411080 4551
63469114 4552
12488734 4553
77228081 4554
36631519 4555
10783766 4556
95415759 4557
97643309 4558
17896146 4559
62889284 4560
58824515 4561
8445863 4562
40742439 4563
53254282 4564
25595899 4565
14732122 4566
67979444 4567
71352096 4568
35980460 4569
15099079 4570
12655160 4571
98720894 4572
82727602 4573
29286503 4574
85738272 4575
53962730 4576
57595311 4577
73528232 4578
5348378 4579
49240754 4580
99341056 4581
85952198 4582
6247290 4583
37441421 4584
55300768 4585
75970610 4586
20442646 4587
76625245 4588
62004812 4589
30181576 4590
29439872 4591
12679056 4592
51784159 4593
80673472 4594
50565509 4595
68044546 4596
78244390 4597
90080575 4598
17697807 4599
27225151 4600
64879693 4601
35157506 4602
14709721 4603
33077613 4604
1364203 4605
55504499 4606
96588873 4607
7343461 4608
4728483 4609
59690331 4610
30129587 4611
95464520 4612
6601252 4613
22871866 4614
66142954 4615
63808940 4616
23742893 4617
98455660 4618
95597607 4619
22618941 4620
40666337 4621
60172290 4622
33111133 4623
82262708 4624
63330925 4625
65251301 4626
21825321 4627
65639364 4628
36154275 4629
72388361 4630
30133822 4631
45945954 4632
68477881 4633
8994527 4634
49977397 4635
74666423 4636
63628882 4637
31926666 4638
42363427 4639
91858553 4640
49537318 4641
62425056 4642
62661980 4643
85990812 4644
29186854 4645
69033727 4646
30127779 4647
74991801 4648
47949312 4649
73963925 4650
85905169 4651
70869216 4652
21035786 4653
24608160 4654
80113881 4655
7400351 4656
49292521 4657
85518139 4658
74814310 4659
19672336 4660
56225144 4661
6553522 4662
54542744 4663
26582509 4664
51586627 4665
29406297 4666
60652404 4667
13761645 4668
47949897 4669
96877988 4670
1051966 4671
34978777 4672
41882824 4673
85821008 4674
83215659 4675
74248385 4676
40771399 4677
6235653 4678
24420308 4679
34898054 4680
54906224 4681
48048648 4682
79586293 4683
75812586 4684
25758111 4685
47887826 4686
60975680 4687
30136787 4688
82568062 4689
33432629 4690
12640715 4691
64001329 4692
98622436 4693
73545875 4694
49910828 4695
11074576 4696
95643002 4697
23363582 4698
3856505 4699
22548637 4700
82773300 4701
39115372 4702
68745007 4703
2647045 4704
9754816 4705
84034218 4706
8928258 4707
11543245 4708
92562414 4709
3638097 4710
93745448 4711
86317447 4712
66303596 4713
90110244 4714
97538389 4715
67413921 4716
2560793 4717
99555047 4718
53072060 4719
69514411 4720
26944575 4721
63497720 4722
94953989 4723
45626976 4724
18317174 4725
74704517 4726
79225219 4727
69574151 4728
20903284 4729
2902325 4730
30171427 4731
59496470 4732
52891663 4733
36874675 4734
60523107 4735
37163414 4736
31381145 4737
97917050 4738
37783171 4739
12147942 4740
80267746 4741
43499569 4742
15349126 4743
19049798 4744
51353073 4745
24684598 4746
97624649 4747
8201599 4748
50972816 4749
87923939 4750
7747919 4751
91830159 4752
85174153 4753
95605855 4754
72108830 4755
26975193 4756
40713652 4757
18383162 4758
32205220 4759
20083322 4760
925568 4761
82703232 4762
13145502 4763
15716115 4764
6067932 4765
61392428 4766
43813971 4767
52120313 4768
49460078 4769
7999263 4770
61680935 4771
73683979 4772
67014281 4773
8740630 4774
95985203 4775
2030885 4776
18791972 4777
14831294 4778
11515370 4779
83996089 4780
30373657 4781
33925420 4782
14924788 4783
4863033 4784
34832787 4785
52018431 4786
91224668 4787
5251442 4788
60112844 4789
87604655 4790
48653502 4791
23980702 4792
98134324 4793
24324333 4794
97107027 4795
48538756 4796
14633326 4797
27708714 4798
64852071 4799
18666078 4800
1899770 4801
5150870 4802
81861195 4803
14153383 4804
16970543 4805
16140624 4806
8757778 4807
67321550 4808
84867699 4809
12403884 4810
37117594 4811
81365403 4812
11619958 4813
25369911 4814
30251900 4815
46589040 4816
99932819 4817
57345113 4818
27833837 4819
28510461 4820
6582094 4821
28163301 4822
2134014 4823
47612265 4824
92787580 4825
85126235 4826
26619389 4827
11026653 4828
92404673 4829
15616002 4830
3165804 4831
92082522 4832
90854020 4833
90822153 4834
10661430 4835
36256071 4836
98740656 4837
75012032 4838
40246406 4839
80604401 4840
93919494 4841
949149 4842
93580669 4843
3742 4844
86488636 4845
61058730 4846
6559442 4847
66533308 4848
75953273 4849
26379883 4850
98934218 4851
3140930 4852
24247520 4853
81982723 4854
88912011 4855
8188835 4856
48752640 4857
25934012 4858
4791336 4859
96283287 4860
96918527 4861
68035890 4862
87027348 4863
66751944 4864
60310602 4865
31284195 4866
62696804 4867
61040084 4868
3865340 4869
30269519 4870
99952189 4871
37162466 4872
93956284 4873
69701857 4874
68644459 4875
48388685 4876
26779244 4877
6024199 4878
33001135 4879
18680591 4880
41441882 4881
17268705 4882
17432608 4883
6249029 4884
3932469 4885
94789231 4886
71912329 4887
18047726 4888
13425102 4889
99084226 4890
68329276 4891
24203778 4892
34604645 4893
94993138 4894
89893079 4895
79573551 4896
89039108 4897
51396398 4898
8441249 4899
30042546 4900
64693629 4901
89896576 4902
2051349 4903
72530712 4904
16853788 4905
22947414 4906
5191729 4907
26666252 4908
90438683 4909
11360421 4910
52391813 4911
45479977 4912
13968025 4913
93086180 4914
71433814 4915
44936314 4916
8746139 4917
62106559 4918
76212477 4919
83883283 4920
52796624 4921
90532216 4922
92819127 4923
58590989 4924
13264256 4925
64923606 4926
61352161 4927
61748915 4928
77435072 4929
45155153 4930
98652986 4931
36217293 4932
99837722 4933
2387688 4934
73244442 4935
76109642 4936
61235799 4937
54115153 4938
80201299 4939
10972998 4940
59365321 4941
69476176 4942
71318072 4943
27846904 4944
90650980 4945
62247061 4946
36762857 4947
53286944 4948
13886467 4949
23318206 4950
67680594 4951
44970983 4952
84054543 4953
6745587 4954
56332320 4955
97826541 4956
28126143 4957
67009705 4958
40829217 4959
44289107 4960
39815290 4961
81236988 4962
15415247 4963
35107774 4964
32713958 4965
73489815 4966
2848329 4967
75365997 4968
35953059 4969
69840438 4970
27589075 4971
34739700 4972
82375984 4973
84879619 4974
59009001 4975
25557860 4976
46415370 4977
88703697 4978
27745894 4979
27531146 4980
35611033 4981
92899418 4982
25418893 4983
67012768 4984
68541676 4985
97133324 4986
60686141 4987
82378410 4988
54957284 4989
52003761 4990
29812277 4991
60071636 4992
78007266 4993
86593538 4994
11787449 4995
97899525 4996
68723308 4997
20888255 4998
36677514 4999
